10 13#4 17 15#19 11 12 16#5 9 2 14#1 8 18 3 6#@-1.000000@
4 8 12 6#11 14#19 9 2 16 5 15 13#3 18 10 17#1#@80392.704036@
1 18 17 13#6 14#11 16 5#19 9 10 15#2 3 4 8 12#@-1.000000@
9 15 14#19 2 11 1 5 13#16 12 10 6#18 4 17#3 8#@79433.991271@
16 5 15#18 8 13#11 4 2 9 1#19 3 17 12 6#10 14#@-1.000000@
19 9 4 10 15#12 6 13#8 2 3 17#1 18 16 14#11 5#@-1.000000@
5 16 2 10 15#1 9 4 17#19 11 18 6 14#8 3 12 13#@74978.795784@
19 11 3 12 15#16 9 10#1 8 18 17 13#5 2 6 14#4#@-1.000000@
16 12 6#18 4 14#9 15 13#19 11 3 8 5 2 10 17#1#@-1.000000@
3 5 6 10#19 18 4 17 13 15 14#1 9 11 2 8 12 16#@72603.833278@
15#19 1 2 18 5 17 12 10#8 11 3 4 9 16 14#13#6#@-1.000000@
8 11 4 17#3 2 6#18 16 5 10#1 19 9 12 13 15 14#@-1.000000@
18 11 4 2 9 14#5 8 10#19 12 13 15#3 16 17#1 6#@-1.000000@
19 9 17#18 4 6#2 3 8 12 5 13#11 16 10 14#1 15#@-1.000000@
19 17 13#18 3 16 5 1 14#11 6 15#2 8 4 12 9 10#@-1.000000@
8 16 1 14#10#19 18 9 17 13#2 3 12 6 15#11 4 5#@-1.000000@
2 8 14#16 1 6 15 13#9 11 4 17 12 10#18 3 5#19#@-1.000000@
18 11 10#5 16 17#4 13#1 19 8 3 2 9 6#12 15 14#@-1.000000@
1 11 16 17 12#2 15#19 5 9 8 10 13#18 3 4 6 14#@-1.000000@
16 6#8 15#1 19 12 14#9 10 17 13#18 11 2 4 5#3#@-1.000000@
1 18 10 6 15#4 17 12 14#2 13#19 11 8 9 5 16#3#@-1.000000@
18 11 5#1 19 9 4 2 6 17#3 10 15 14#8 12 16 13#@-1.000000@
5 6 10#1 9 8 14#19 4 12#18 11 2 17 13#3 16 15#@-1.000000@
19 3 18 8 14#16 9 2 15 13#1 4 10#11 5 17 12 6#@-1.000000@
11 12 14#19 5 9 17 6 15 13#1 4 10#8 3 18 2 16#@-1.000000@
3 5 14#4 16#18 11 12 9 6 10 17#1 19 2 8 13 15#@-1.000000@
5 4 10 17 13#1 8 18 3 12 16 9#11 2 6 15 14#19#@71325.162005@
5 4 10 15 13#19 3 2 9 12 17#1 8 11 18 16 14#6#@-1.000000@
13#18 4 12 5 6#19 8 16 17#1 9 11 10#3 15 14#2#@-1.000000@
13#1 19 18 14#5 16 17 10#2 11 4 12 9 6 15#8 3#@-1.000000@
8 3 4 12 9 14#18 16 6#1 19 13#11 10 17 15#5 2#@-1.000000@
1 12 14#4 6#3 19 9 11 8 13#2 18 16 5 15 17#10#@-1.000000@
4 16 1 6 15 13#19 12 10#8 11 18 3 14#5 9 2 17#@-1.000000@
14#4 2 8 12#1 9 17#19 18 3 16 6 15#10#11 5 13#@-1.000000@
12 5 15#2 11 8 16 6#4 9 14#1 18 3 17 13#19 10#@-1.000000@
16 1 6 10#8 11 17 14#18 3 4 9 5#19 2 12 13 15#@-1.000000@
16#19 1 8 18 10#3 11 6 13 14#5 9 4 12 17 15#2#@-1.000000@
13#19 11 18 3 16 5#1 8 4 10 6 17#12 9 14#15#2#@-1.000000@
9 11 12 16 5 15 13#19 18 4 6 14#1 8 3 10 17#2#@-1.000000@
19 2 16 17 14#18 4 12 1 15 13#9 11 10 6#8 3 5#@-1.000000@
1 19 17 12 6 14#8 18 4 5 13#16 9 2 10 15#3 11#@-1.000000@
18 5 13#19 4 16 17 15#1 3 11 8 9 10#12 2 6 14#@-1.000000@
13 14#5 8 12 17#9 11 4 6 15#1 18 10#19 2 3 16#@-1.000000@
18 10 17#1 9 3 14#11 4 2 6 15#19 12 16 13#8 5#@-1.000000@
19 3 18 11 10 17#5 8 2 6 13 14#4 12 16 15#1 9#@69280.166554@
2 11 16 1#4 9 15#8 18 3 17 12 6 13#19 5 10 14#@-1.000000@
5 1 8 10 17#3 18 9 14#4 16 6 15 13#19 2 11 12#@-1.000000@
18 10 17#9 12 1 5 13#16 2 15 14#8 3 6#4#19 11#@-1.000000@
4 10 6 17#12 13 14#8 11 2 5 15#19 9 3 16 1#18#@-1.000000@
17 14#8 16 1 13#19 3 12 2 10 15#5 9 4 6#11 18#@-1.000000@
16 17 14#19 11 3 1#18 12 2 10 6#4 8 9 5 15 13#@-1.000000@
18 2 3 16 14#1 9 11 8 4 10 6#5 17 12 13#19 15#@64290.969630@
19 9 2#11 3 4 17#1 18 10 14#5 8 12 13#16 6 15#@-1.000000@
11 4 8 1 13#18 12 9 2 10#3 5 15 6 17#16 14#19#@-1.000000@
19 8 15#12 10#11 16 17 13#3 9 6#2 18 1 5 14#4#@-1.000000@
18 3 4 5 9 10 15#19 2 8 12 16 14#17 6 13#11 1#@-1.000000@
19 6 17#3 12 5 9#4 15#18 13 14#1 2 11 8 16 10#@-1.000000@
18 12 13#1 8 11 3 5 9 6 17#19 2 16 15#4 10 14#@-1.000000@
2 11 5 17 12 13#19 3 18 6 14#9 8 4 16 1 10 15#@-1.000000@
2 18 14#3 17 15#9 11 12 6#8 1 5 13#4 16 10#19#@-1.000000@
18 9 13 14#6#3 4 17 12#8 11 2 1 15#19 5 16 10#@-1.000000@
18 16 13#19 3 10#2 4 17 12 6#1 11 14#8 9 5 15#@-1.000000@
16 9 13 15 14#19 12 2 6 17#18 11 1 5 4 10#3 8#@-1.000000@
8 3 17 12 6 13#19 18 4 2 9 16#5 1 15 10 14#11#@-1.000000@
2 3 4 17#18 12 10 14#11 16 5 13#1 19 9 8 6 15#@-1.000000@
3 13 15#19 5 2 16 14#4 8 12 1 6 10 17#18 11 9#@-1.000000@
1 19 9 15 13#11 5 6#4 8 12 14#16 2 10 17#18 3#@-1.000000@
5 1 4 2 10 6 13#11 16#19 9 12 15 14#8 18 3 17#@-1.000000@
4 16 2 10#18 11 6#3 19 5 13 15 14#8 17 12#9 1#@-1.000000@
3 10 17#1 2 6 14#19 8 12#18 11 5 15#9 4 16 13#@-1.000000@
2 3 5 17#16#19 4 6 14#8 12 9 10 15#18 11 1 13#@-1.000000@
1 9 6 10#18 11 4 15#19 2 3 8 12 13#5 16 17 14#@-1.000000@
6 14#9 8 10#18 11 12 16 1#2 3 13 15#19 5 4 17#@-1.000000@
4 9 15 13#18 11 3 17 12 10#5 1 8 2 6 14#19 16#@-1.000000@
4 2 13#18 16 10 6 14#8 11 3 12 9 15#19 5 1 17#@-1.000000@
5 1 9 8 12 16 14#11 4 17#2 18 13 15#19 3 10 6#@-1.000000@
1 6 14#11 12 13#19 9 2 17#4 16 10 15#8 18 3 5#@-1.000000@
8 18 9 10#11 3 16 2 6 14#19 4 17#12 1 5 15 13#@-1.000000@
16 2 12 17 14#1 19 8 15#5 9 6#18 4 10#11 3 13#@-1.000000@
8 13 14#9 11 4 6#16 1 5 15#2 18 10#19 3 17 12#@-1.000000@
8 11 2 6#3 4 12 1 14#5 15 13#18 9 16 17 10#19#@-1.000000@
19 12 13#16 15#3 4 2 9 14#1 8 6 17#18 11 10#5#@-1.000000@
1 8 3 6 17#2 11 4 16 13#15 10 14#19 18 12 9#5#@-1.000000@
3 4 17 14#2 15 13#11 5 6 10#1 19 9 8 12#18 16#@-1.000000@
1 19 3 13 15 14#4 10 6 17#2 8 12 16#18 11 9 5#@-1.000000@
5 16 14#2 6 10 17#1 11 3 4 8 13#12 9 15#18#19#@-1.000000@
11 3 4 2 1 6#16 10 13#19 8 18 9 5 12 17 15 14#@-1.000000@
18 11 3 15#9 6#19 8 16 12 10 13 14#5 1 2 4 17#@-1.000000@
14#18 4 16 5 10#8 11 6 17 13#1 19 2 12 15#9 3#@-1.000000@
19 11 5 10 17#4 2 8 13#3 12 16 6#18 9 1 15 14#@-1.000000@
8 3 9 1 5 15 6 14#4 2 16#18 11 12 13#19 10 17#@-1.000000@
9 3 13#8 11 5 4 10 6#18 17 12 15 14#1 19 2 16#@-1.000000@
16 17 12 6#11 4 8 5 15#19 1 2 18 14#3 9 10 13#@-1.000000@
9 17#18 12 6#8 16 13 15#10#19 3 11 2 1 5 14#4#@-1.000000@
8 18 9 16 14#19 2 3 17#5 4 12 13#1 6 10 15#11#@-1.000000@
18 8 14#19 4 13#16 2 10 17#11 1 5 9 6#3 12 15#@-1.000000@
9 8 17 14#18 16 2 6#3 4 5 1 10 15#11 12#19 13#@-1.000000@
12 6#3 4 15#11 16 17 13#19 2 18 8 1 5 14#10#9#@-1.000000@
19 4 13 15#3 17 12 10#11 16 5 14#1 18 2 9 6#8#@-1.000000@
18 4 17 15#1 11 3 12 16#19 5 6 10#9 2 14#13#8#@-1.000000@
10#2 11 4 12 1#19 18 16 15#5 9 14#3 8 6 17 13#@-1.000000@
5 13 14#16 12 1 15#3 11 2 6#19 4 10#9 8 17#18#@-1.000000@
12 9 13#10#19 4 17 6 15#1 2 3 8 16 5 14#11 18#@-1.000000@
11 9 5 4 10 15#19 1 8 18 6 13#17 12 14#2 3 16#@-1.000000@
5 1 8 4 10 17#3 19 15#18 12 13#11 6 14#9 2 16#@-1.000000@
2 3 4 9 10 17 13#11 12 5#18 8 1 15 14#19 16 6#@-1.000000@
2 17 15#1 11 3 4 9 16 13#19 18 8 5 14#12 10 6#@-1.000000@
19 2 16 17#1 11 18 3 8 10 15 13#9 6 14#4 12 5#@-1.000000@
5 1 13#18 11 2 12#19 9 8 3 16 17 10 14#4 6 15#@-1.000000@
18 11 1 15 13#9 16 17 10#5 8 14#19 2 3 4 12 6#@-1.000000@
1 2 11 17 12 6 14#10 13#5 8 16 15#19 18 3 4 9#@-1.000000@
14#3 11 9 17 13#19 5 1 4 10 15#2 18 12 16 6#8#@-1.000000@
14#1 19 4 12 16 13#8 18 11 5 9 6 15#3 2 10 17#@-1.000000@
3 4 8 12 16 5 1 6 13#2 18 15 14#19 9 11 10 17#@-1.000000@
5 9 16 12 17 14#1 3 4 2 10#18 13#19 8 11 6 15#@-1.000000@
1 19 6#9 8 17 13 14#18 11 4 2 10#3 12 5 15#16#@-1.000000@
1 19 16#8 11 3 13#12 2 9 6 17 14#4 10 15#5#18#@-1.000000@
13 14#11 4 5 16 17 10#1 19 9 2 12 15#8 3 18 6#@-1.000000@
19 18 4 5#9 8 3 16 13 15#1 11 12 10 14#2 6 17#@-1.000000@
18 3 5 2 10 15#4 8 12 1 14#11 16 17#19 6 13#9#@-1.000000@
2 11 14#4 10 6 17#8 12 13#3 9 1 5#19 18 15#16#@-1.000000@
9 16 17 12#3 5 13#1 8 18 11 6#4 2 10 15 14#19#@-1.000000@
1 2 11 8#19 18 3 12 14#9 4 17 15 13#5 16 10 6#@-1.000000@
18 11 2 15 13#19 3 12 14#1 9 8 4 16 17 10 6#5#@-1.000000@
2 3 4 16 13#5 1 6#11 17 12#19 8 18 10 15#9 14#@-1.000000@
19 11 12 2 6 13#1 18 4 17 15#9 3 16 5 10#8 14#@-1.000000@
9 11 2 16 13 15#8 18 3 4 10 17#19 5 12 6#1 14#@-1.000000@
9 16 17 13#3 4 12 1#18 8 5 2 10 15#19 6 14#11#@-1.000000@
5 15 14#4 9 6 10 17#8 12 1 13#3 18 11 2 16#19#@-1.000000@
19 5 17 15 13#9 11 16 12 10#1 8 3 4 2 6#18 14#@-1.000000@
19 4 17 14#18 9 12 16 1 5#3 11 10 15#2 8 13#6#@-1.000000@
18 11 8 14#9 3 13#1 19 5 12 10 15#4 2 6 17#16#@-1.000000@
19 8 12 16 13#18 11 4 2 9 15#1 3 10 6 17#5 14#@-1.000000@
19 11 12 5 6 15#1 2 18 3 8 9 16 17 13#4 10 14#@-1.000000@
19 18 9 2 10#11 4 16 1 6 13#8 3 12 5 15 17 14#@-1.000000@
1 9 4 12 10#18 11 16 13#6 14#3 19 5 2 8 17 15#@-1.000000@
1 19 9 2 5 13#3 18 11 10 15#4 8 6#16 17 12 14#@-1.000000@
2 18 8 16 1#11 17 13#19 4 5 15 6 14#9 3 12 10#@-1.000000@
2 6 17#5 1 9 12 10 15#19 8 3 16 14#18 11 4 13#@-1.000000@
14#8 3 9 5 13#11 10 15#6#18 4 2 1 16 17 12#19#@-1.000000@
4 6 13#3 11 2 9 12 16#19 15 17 10 14#18 8 1 5#@-1.000000@
9 10 17#19 2 18 8 16 5#4 1 15#11 3 12 6 13 14#@-1.000000@
11 5 17 12#4 1 13#19 8 3 18 2 15#16 9 6 10 14#@-1.000000@
19 5 12 9 6 17#2 10 14#8 11 18 3 4 16 1 15 13#@-1.000000@
9 11 17 12 14#19 2 5 15#3 18 6#4 8 16 1 13#10#@-1.000000@
9 13 15 17 14#19 3 18 8 5 10#1 4 2 6#11 12 16#@-1.000000@
19 5 9 8 10 15#18 11 6 13#1 3 4 17#16 12 2 14#@-1.000000@
4 12 1 15 14#19 18 6 17#8 11 3 13#9 2 10#16 5#@-1.000000@
8 16 6 15#1 4 17 12#2 11 9 5 13 14#19 3 10#18#@-1.000000@
13#19 11 8 1 5 14#18 10 17#9 2 4 12 6 15#16#3#@-1.000000@
18 11 14#4 2 13#1 9 3 17#8 16 12 10 15#19 5 6#@-1.000000@
11 4 12#9 8 16 1 6 10 17#2 13 15 14#18 3 5#19#@-1.000000@
11 13#1 19 4 16 17 15#3 18 2 10#5 12 14#8 9 6#@-1.000000@
11 13 14#1 18 16#5 4 10#8 3 12 9 6#19 2 17 15#@-1.000000@
16 10#18 11 4 1 6 17#3 9 15 13#8 12#19 5 2 14#@-1.000000@
1 12 14#15#3 18 9 5#2 11 8 4 16 6#19 10 17 13#@-1.000000@
1 2 8 14#17#3 16 13#18 11 12 15#5 9 4 10 6#19#@-1.000000@
18 16 17 15 14#9 6 13#3 4 8 12 1 2 10#19 11 5#@-1.000000@
10 13#18 11 3 17 6 15#19 2 12#5 1 9 8 16 14#4#@-1.000000@
1 18 12 16#19 8 3 11 10 13#9 6 14#5 15 17#4 2#@-1.000000@
1 8 10#19 11 5#3 6 13 14#9 2 17 12 15#4 16#18#@-1.000000@
16 12 10#18 3 14#5 4 2 6 17#19 11 8 9 1 15 13#@-1.000000@
19 2 16#18 17 12 6 15#14#8 11 3 4 13#5 1 9 10#@-1.000000@
19 6 17#16 2 13#5 1 12 10 14#8 11 3 15#18 4 9#@-1.000000@
19 2 10 17 15#18 4 14#12 6#8 3 11 9 1 16 13#5#@-1.000000@
18 11 15#3 4 10#5 2 8 12 16 6#9 1 13 17 14#19#@-1.000000@
11 3 12 16 9#5 8 4 10 17#19 18 6 14#2 1 15 13#@-1.000000@
14#12 13#1 19 5 8 4 10 6 15#3 18 11 2 9 16 17#@-1.000000@
18 8 1 5 13#19 3 6 17#2 11 12 15 14#9 4 10#16#@-1.000000@
8 11 5 12 10 14#19 3 6 17#16 9 2 15#18 4 1 13#@-1.000000@
19 9 11 2 12 16 14#1 15 17#4 6#3 5 8 10#18 13#@-1.000000@
12 10#4 16 1#3 2 11 14#19 18 8 5 15 13#9 6 17#@-1.000000@
9 11 10 15 13#1 19 8 4 16 17#2 18 5 6 14#3 12#@-1.000000@
12 10 6 14#19 8 3 17#18 11 2 9 4 16 1 5 15 13#@-1.000000@
1 11 2 9 12 14#19 16 17 6#3 18 10 15#4 8 5 13#@-1.000000@
4 12 2 10 6 13#8 3 9 1 5 15 17#19 11 18 14#16#@-1.000000@
19 11 4 17 12 14#13#9 2 8 16 6 15#3 18 10#5 1#@-1.000000@
2 11 4 17 12 14#1 16 9 6#19 10 13#18 3 8 5 15#@-1.000000@
9 4 12 10 15#1 11 6 14#13#19 2 18 8 5 16 17#3#@-1.000000@
8 18 4 12 5 9 2 6#1 11 3 16#19 10 17 13 14#15#@-1.000000@
5 1 9 10 14#18 2 3 17 12 15#8 16 6 13#19 11 4#@-1.000000@
19 5 2 14#16 1 6 15#18 11 17 13#3 4 8 10#9 12#@-1.000000@
5 2 14#1 16 10 13#11 6 17#19 12 15#8 18 3 4 9#@-1.000000@
19 5 4 6 17#9 2 8 12 16 14#1 3 11 10 15 13#18#@-1.000000@
3 12 16#1 18 2 6 17 14#5 9 10#19 11 8 13#4 15#@-1.000000@
3 12 16 5#8 11 2 6 13#1 18 10 14#19 9 4 17 15#@-1.000000@
3 11 9 5 8 12 17#16 6#19 2 10 14#4 1 15#18 13#@-1.000000@
3 5 17 12 15#9 8 4 10 14#2 18 16 1 6#19 11 13#@-1.000000@
4 6#2 3 17 12 14#18 16 15#19 9 8 1 5 13#10#11#@-1.000000@
1 9 4 10 6 17 14#19 8 16#18 11 15 13#2 3 12 5#@-1.000000@
3 12 5 10 17 13#8 11 2 18 4 9 16 14#19 6 15#1#@-1.000000@
16 6#3 10 13 14#9 11 8 4 17 15#1 2 18 12 5#19#@-1.000000@
1 19 5 13#2 8 12 15 14#4 16 17 10 6#3 18 11 9#@-1.000000@
18 12 13 14#19 5 1 9 4 2 10 6#8 3 17 15#11 16#@-1.000000@
1 6 15#2 9 5 13#11 4 14#19 8 3 10#18 16 12 17#@-1.000000@
5 8 2 6#19 9 11 4 17 12#18 1 15 10 14#13#3 16#@-1.000000@
2 11 8 17 15#19 3 12 5 9 14#1 4 16 10 6 13#18#@-1.000000@
8 3 2 6 15#16 12 14#11 4 5 17 13#1 19 10#9#18#@-1.000000@
19 5 6 14#18 11 2 1 15 13#9 8 16 10#4 17 12#3#@-1.000000@
5 6#3 2 10 17#11 4 13 15#8 18 9 16 14#1 19 12#@-1.000000@
6 14#4 2 10#8 3 11 9 16 17 15#18 12 13#1 19 5#@-1.000000@
13 14#2 3 17#11 4 16 1 5 10#12 9 6 15#19 18 8#@-1.000000@
3 16 14#10 13#5 4 12 9 2 6 17#19 11 18 8 1 15#@-1.000000@
18 10 13#16 15#19 11 3 4 2 9 6 17#5 1 8 12 14#@-1.000000@
11 9 15#19 4 8 12 5 1 2 10 13#18 16 17 6#3 14#@-1.000000@
1 9 2 16 12 17 15 13#3 19 5#11 6 14#8 18 4 10#@-1.000000@
5 10 15 13#1 18 11 2 9#3 12 16 6#19 4 8 14#17#@-1.000000@
1 19 13 15 14#4 12 16 10#8 3 18 11 6#5 9 2 17#@-1.000000@
1 13 15 14#19 4 12 16#8 3 11 2 9 6 17#18 5 10#@-1.000000@
8 11 3 15#19 5 1 16 12 10 6#9 17#2 18 4 13 14#@-1.000000@
13 15 14#2 18 8 12#19 3 17#5 1 9 4 16#11 10 6#@-1.000000@
15 14#16 5 13#8 11 18 17#19 9 3 2 4 12 1 6 10#@-1.000000@
3 4 14#1 9 11 12 10#18 8 15#19 5 2 16 17 6 13#@-1.000000@
16 15#4 2 9 14#19 5 8 12 17#1 18 6 13#3 11 10#@-1.000000@
18 4 12 13#3 19 5 6 10#8 11 2 14#16 17 15#9 1#@-1.000000@
14#19 2 3 4 16 5#1 11 17 12 15 13#10#8 18 9 6#@-1.000000@
14#19 3 8 15#4 12 13#1 9 16 17#18 11 2 10 6#5#@-1.000000@
1 3 10 6 17#8 13 15#2 11 16 14#18 4 12 5 9#19#@-1.000000@
3 12 5 9 2 10 17#4 16 1#19 18 14#8 11 6 15 13#@-1.000000@
2 3 4 13 15#5 10 14#1 19 11 17 12 6#8 18 9 16#@-1.000000@
4 10#19 12 1 15 17 14#5 9 2 16#8 3 18 11 6 13#@-1.000000@
8 3 4 9 10#2 1 15 6 14#18 16 17#19 11 12 13#5#@-1.000000@
3 4 2 10 15#12 9 14#5 1 6#19 11 8 16 17 13#18#@-1.000000@
3 12 9 15 13#5 1 16 17#2 6#19 8 11 10 14#4#18#@-1.000000@
19 18 8 5 14#9 3 12 2 10 6 13#11 4 1 15 17#16#@-1.000000@
19 8 12 5 13#18 2 3 4 9 16 14#15 6 17#1 11 10#@-1.000000@
19 9 2 4 5#3 18 11 10 17#8 12 14#1 16 6 15 13#@-1.000000@
3 5 15#8 11 18 4 16 14#13#1 12 2 10 6#19 9 17#@-1.000000@
1 11 17#19 4 2 15 14#16 6#8 3 18 10 13#5 9 12#@-1.000000@
11 6 17#9 5 2 4 12 16 1#19 8 3 10 14#18 13 15#@-1.000000@
8 6 15 13#4 10#2 11 9 5 14#1 19 3 16 17#18 12#@-1.000000@
5 4 10 6#2 3 8 12 14#19 9 13#1 11 18 17 15#16#@-1.000000@
9 4 16 10#19 11 2 6 14#18 8 1 5 12 17 13#3 15#@-1.000000@
13#19 8 16 5#3 4 2 14#18 11 12 1 6 10 17#9 15#@-1.000000@
3 19 15#9 11 2 10 6#1 18 16 17 14#4 8 5 13#12#@-1.000000@
15#11 4 2 1 9 6 13#8 18 17#3 16 5#19 12 10 14#@-1.000000@
1 19 15 17#3 10 13#5 9 4 6#2 18 8 12 16 14#11#@-1.000000@
1 4 6 17#9 8 12 13 15#19 5 10#3 18 11 2 16 14#@-1.000000@
5 16 17 10 6#18 2 9 12 1#19 4 8 15#11 3 14#13#@-1.000000@
5 9 4 17 15#1 11 2 10 13#19 8 6#18 3 14#16 12#@-1.000000@
4 6#18 3 5 15#9 17#19 1 2 11 8 14#16 12 10 13#@-1.000000@
11 4 15#5 1 17 12 6#16 10#9 8 3 14#19 18 13#2#@-1.000000@
2 11 4 16 17 14#18 9 15 13#5 1 8 10 6#19 3 12#@-1.000000@
1 4 12 16 10#3 11 9 15#18 5 14#19 2 17 13#8 6#@-1.000000@
3 1 15#19 8 18 4 2 9#5 17 12 10#11 16 14#13#6#@-1.000000@
11 16 5 6#3 18 2 8 14#17 12 10 15#19 4 9 1 13#@-1.000000@
1 16 17 6 14#18 4 9 15 13#8 3 12 10#5#19 2 11#@-1.000000@
13#18 4 2 1 5 14#12 10 15#19 8 3 16 9 6 17#11#@-1.000000@
1 18 4 12 6#5 16 17 15 13#2 3 14#10#19 9 11 8#@-1.000000@
14#4 8 6 10 17#18 2 9 12 15#16 13#19 11 5#3 1#@-1.000000@
19 11 15#9 2 4 12 16 14#18 3 5 6 10 13#1 8 17#@-1.000000@
8 3 18 11 2 1 9 6 15#4 12 16#19 10 14#5 17 13#@-1.000000@
16 12 13#18 4 2 5 1 6 17#9 11 14#19 8 3 10 15#@-1.000000@
5 1 8 4 12 16 6#2 18 17#19 11 14#3 9 15 13#10#@-1.000000@
16 5 13#18 11 12 6#1 19 9 3 2 17 14#8 4 10 15#@-1.000000@
13 15 14#1 18 11 6#19 5 9 8 4 12 17#2 3 16 10#@-1.000000@
2 13 14#18 11 9 10 17#1 19 4 12 5 6#16 15#3 8#@-1.000000@
3 17 13 14#1 2 11 12#19 18 9 6 10#4 8 15#5 16#@-1.000000@
8 11 15 13#2 10 17#18 3 12 16#5 1 4 14#19 9 6#@-1.000000@
12 16 9 15#3 11 6 17#2 18 5 10 13 14#1 19 8 4#@-1.000000@
5 9 6 15#18 11 2 4 12 16#19 10 17 14#8 3 1 13#@-1.000000@
9 2 4 17 6 14#8 5 15 13#10#19 11 18 12 16 1#3#@-1.000000@
8 11 9 1 15#18 12 14#2 5 13#19 16 17 10 6#3 4#@-1.000000@
1 15 17 14#5 9 6 10 13#19 11 18 3 8 16#2 4 12#@-1.000000@
14#12 9 15 13#2 3 5 17#1 19 11 16 6#8 18 4 10#@-1.000000@
1 9 4 14#11 3 13#8 5 15#2 18 16 17 12 6#19 10#@-1.000000@
1 3 10 17#18 9 5 14#2 11 8 16 13 15#12#19 4 6#@-1.000000@
19 9 17 14#1 3 11 10 15#2 18 12 16 13#5 8 4 6#@-1.000000@
1 16 9 10#19 3 17#18 11 2 12 5 6 14#4 8 13 15#@-1.000000@
19 2 10 15#1 8 3 13#18 9 5 16 17 12 6 14#11 4#@-1.000000@
16 9 13#8 3 5 15#18 12 14#19 2 6 10 17#11 4 1#@-1.000000@
4 8 13 15#18 3 16 17#12 9 6 14#11 10#1 19 2 5#@-1.000000@
13#8 11 10#9 4 12 14#2 18 5 6#16 17 15#19 1 3#@-1.000000@
18 10 15#5 17 12 14#4 2 8 16 1#3 11 9 13#6#19#@-1.000000@
10 13 14#8 11 3 4 15#1 16 17 12 6#18 2 9 5#19#@-1.000000@
14#1 19 16 17 6#11 2 3 4 12#18 8 15#5 9 10 13#@-1.000000@
15#11 1 5 6 17#9 2 8 4 12 16 14#19 18 13#3 10#@-1.000000@
18 11 14#5 1 2 8 12 10#3 16 17 13#19 4 6#9 15#@-1.000000@
17 12 15#8 2 3 16 1 13#18 5 14#19 4 6#9 11 10#@-1.000000@
9 8 2 4 12 15#5 10 13#3 18 11 6 17#1 19 16 14#@-1.000000@
19 4 12 10#18 11 2 9 6#8 3 16 1 5 13 15 14#17#@-1.000000@
19 2 3 17 14#10#11 4 8 16 5 15#12 1 9 6#18 13#@-1.000000@
8 16 6#18 11 3 4 9 10 15 14#5 1 2 12 17 13#19#@-1.000000@
19 8 11 10#16 9 2 6 13#3 4 1 5 14#18 17 12 15#@-1.000000@
19 5 16 10 6 15#2 3 17#4 9 1 13 14#8 11 18 12#@-1.000000@
5 16 9 2 10 13#8 3 12#4 17 14#19 1 18 11 6 15#@-1.000000@
18 1 15 17 14#8 3 16 5#9 4 10#11 2 6 13#19 12#@-1.000000@
19 8 11 2 6#3 5 14#1 18 4 16 17 10 15 13#12 9#@-1.000000@
4 10 17 14#8 3 2 6#16 12 13#18 11 9 1 5 15#19#@-1.000000@
1 8 16 17 10 14#18 11 3 12 9 15#2 5 13#19 4 6#@-1.000000@
9 10 17 15#19 5 4#18 12 16 13 14#8 3 11 2 6#1#@-1.000000@
6 14#9 11 2 10#4 12 5 15 13#1 18 16 17#19 3 8#@-1.000000@
10 14#8 9 15#18 6#19 2 17 12 13#11 3 16 1 5#4#@-1.000000@
19 3 18 8 6 14#4 1 13#16 2 10 17#11 12 5 15#9#@-1.000000@
2 18 13#8 3 9 15#1 19 5 16 12 10#4 14#11 6 17#@-1.000000@
2 8 1 15#19 9 10#18 11 16 5#3 4 13 14#17 12 6#@-1.000000@
19 12 15#1 8 11 6#18 3 2 9 5 16 17 14#10 13#4#@-1.000000@
19 9 6#5 12 10 14#2 11 17 15 13#18 3 4 8 16 1#@-1.000000@
19 3 16 10 6#1 9 11 2 4 17 14#18 8 13 15#12 5#@-1.000000@
2 4 12 16 14#19 9 3 10 6 13#11 1 15 17#18 8 5#@-1.000000@
8 18 2 5 6 15#1 3 4 10 13 14#11 16#19 9 17 12#@-1.000000@
1 2 4 17 12#18 10 14#11 3 13 15#8 6#19 9 5 16#@-1.000000@
19 9 11 4 17 6 13#14#3 18 2 8 12 5 15#1 16 10#@-1.000000@
19 5 16#1 18 2 9 12 17 15#8 3 6#11 4 10 13 14#@-1.000000@
18 11 3 14#1 19 9 2 8 17 12#4 16 10 6 15#13#5#@-1.000000@
18 17 13#16 9 6 10#8 3 2 1 5 14#19 11 4 12 15#@-1.000000@
3 18 2 10#4 12 1 15#8 16 17#19 11 6 13 14#5 9#@-1.000000@
3 19 5 2 14#1 9 11 8 4 17 15 13#6#18 12 16 10#@-1.000000@
19 16 5 15#17 12 6#1 3 11 10#8 2 18 4 13 14#9#@-1.000000@
3 4 15 14#16 2 6#19 11 18 10#5 1 9 8 12 17 13#@-1.000000@
2 5 15 17#3 4 12 1 14#13#19 11 18 8 16 9 6 10#@-1.000000@
5 2 4 14#13#19 8 11 18 10#9 16 17 12#1 3 6 15#@-1.000000@
4 12 15#1 3 11 10 6#2 18 16 5 13 14#19 9 8 17#@-1.000000@
8 5 13 14#16 9 6 10#18 11 17#1 19 3 2 4 12 15#@-1.000000@
5 14#19 9 2 6 13#18 11 10 17#4 12 16 1#3 8 15#@-1.000000@
5 8 14#18 11 13#1 6 17#4 9 15#3 12 16 10#19 2#@-1.000000@
8 10#19 11 5 17 14#16 13#4 12 9 15#1 3 18 2 6#@-1.000000@
4 16 17 13#18 11 12 10 6 15#9 3 2 14#19 8 1 5#@-1.000000@
5 9 12 13#16 15#19 4 10 6#3 18 2 8 1 14#11 17#@-1.000000@
1 8 4 10#19 3 12 16 13#5 6#18 2 9 15 14#11 17#@-1.000000@
17 10 13#8 3 11 2 9 12 16 14#1 18 6 15#19 5 4#@-1.000000@
5 9 8 10 6 14#11 2 3 12 16 15#19 18 1 13#4 17#@-1.000000@
3 6 15#8 18 12#1 19 11 4 14#16 9 13#5 2 10 17#@-1.000000@
5 15 14#18 3 12#19 9 2 4 16 17 10#8 11 6 13#1#@-1.000000@
5 2 17#11 9 15#19 18 10 6 14#1 3 4 8 13#12 16#@-1.000000@
6#18 3 4 9 10#19 5 1 2 12 14#8 17 15 13#11 16#@-1.000000@
19 3 18 8 14#12 16 9 10 17 15#4 1 13#11 2 5 6#@-1.000000@
16 10 15#19 4 14#2 8 17 12#18 3 5 1 6#11 9 13#@-1.000000@
5 4 10 15#19 18 9 17 12 6 14#8 11 2 3 16 1 13#@-1.000000@
12 5 15#4 13#1 2 18 16 9 6#3 11 10 14#19 8 17#@-1.000000@
3 6 14#18 4 1 5#19 2 11 17 12 10 13#9 8 16 15#@-1.000000@
18 8 15#19 9 4 5 13#11 3 16 17 12 6 14#1 2 10#@-1.000000@
9 4 17 14#19 11 18 12 5 15#8 3 6#1 16 2 10 13#@-1.000000@
2 8 17 12 6 14#18 10 15 13#19 9 3 16 1 5#4#11#@-1.000000@
1 18 17#2 3 8 16 15#12 6 14#19 11 9 5 4 10 13#@-1.000000@
3 17 15 13#8 4 10#1 9 12 14#19 11 18 6#2 16 5#@-1.000000@
19 16 12 17#2 3 1 5 13 15 14#10#18 11 4 8 9 6#@-1.000000@
19 9 11 16 1 5 10 15 13#3 17 12#18 4 8 14#6#2#@-1.000000@
11 17 15#1 2 4 14#9 8 12#19 18 3 16 10#5 6 13#@-1.000000@
8 11 4 5#19 18 3 17#16 9 13 14#15 6 10#1 2 12#@-1.000000@
1 9 11 12#8 16 17#19 18 4 15 14#10 6 13#3 2 5#@-1.000000@
2 9 5 15#4 8 12 13 14#3 18 6 17#1 11 16 10#19#@-1.000000@
3 18 6#4 2 16 1 14#12 5 15 10 17#11 13#19 9 8#@-1.000000@
8 3 4 17 12 14#2 11 16 5 13#19 6 15#1 18 9 10#@-1.000000@
14#3 2 10 6#5 4 12#1 8 11 16 17 13#18 9 15#19#@-1.000000@
2 15 14#19 9 8 4 12 16 1 6 13#11 5 17#3 18 10#@-1.000000@
4 16 14#8 3 9 6 10#2 18 5 13#1 11 17 12 15#19#@-1.000000@
18 13 14#11 3 4 8 12 9 6#5 1 2 16 17 10 15#19#@-1.000000@
18 11 8 5 17 12 10 14#1 19 3 6 13#16 2 15#4 9#@-1.000000@
5 2 16 14#19 1 8 18 6#3 12 9 10 15 13#4 17#11#@-1.000000@
2 11 5 14#19 8 6#16 10#1 18 3 17 15#9 4 12 13#@-1.000000@
2 8 13 14#19 6 10 15#11 3 16 17#1 18 9 4 12 5#@-1.000000@
2 8 16 13#18 11 10 17#9 4 12#19 6 14#3 1 5 15#@-1.000000@
11 3 12 14#4 10 15 13#19 5 1 9 6 17#2 18 8 16#@-1.000000@
1 6 10 15#3 19 13#11 9 5 8 4 12 14#2 18 16 17#@-1.000000@
1 9 11 16#19 18 3 4 8 10 17 15#6 13 14#2 12 5#@-1.000000@
19 11 16 9 10#4 12 13#2 8 17 14#1 3 6#18 5 15#@-1.000000@
18 11 17 13#9 4 12#19 8 3 2 6 14#1 10 15#16 5#@-1.000000@
12 10 6#18 9 17#19 2 3 16#8 1 15 13#5 4 14#11#@-1.000000@
3 6 17#19 9 12 15#4 8 2 10#16 1 13 14#18 11 5#@-1.000000@
19 11 17 12#1 9 2 10 6 13#8 3 15#4 16#18 5 14#@-1.000000@
19 9 8 12 5 14#13#16 6#18 4 2 1 17#3 11 10 15#@-1.000000@
4 15#3 19 5 12#1 9 11 8 2 6 10 17#16 13 14#18#@-1.000000@
8 18 3 12 16 5 6 15#1 9 11 4 10 13 14#17#19 2#@-1.000000@
11 2 6 15 13#19 5 12#4 16 17 10#8 18 3 14#9 1#@-1.000000@
8 11 5 9 10 13 14#1 19 6 15#2 18 17 12#3 4 16#@-1.000000@
18 3 14#5 6 17#8 11 1 13#19 12 2 10 15#4 9 16#@-1.000000@
8 16 14#17 10 6 13#19 3 4 2 9 12 15#18 11 1 5#@-1.000000@
1 19 3 16 17 12 13#8 9 6 10 15#18 11 2 4 5 14#@-1.000000@
11 12 16 13 15 14#8 18 9 1 5 17#19 3 4 2 10 6#@-1.000000@
19 3 2 9 16 15#5 12 14#4 8 6#1 11 18 10 17 13#@-1.000000@
19 9 11 2 16 1#5 4 12 17 6 14#8 3 18 10 15 13#@-1.000000@
12 1 15 14#18 11 4 9 5 16 17 6#19 2 3 8 13#10#@-1.000000@
1 19 18 10#9 11 2 8 5 15 17#3 4 13 14#16 12 6#@-1.000000@
2 11 10#1 19 9 8 6 15#12 14#18 4 5 13#3 16 17#@-1.000000@
18 11 12 16 5 2 10 13#8 3 9 6#4 1 15 14#19 17#@-1.000000@
8 3 12 16 5 14#1 18 2 6 13#9 11 4 17#19 10 15#@-1.000000@
3 4 12#11 16 5 1 6 17#2 18 13 14#9 10 15#19 8#@-1.000000@
3 5 9 10#19 11 17 15#2 18 12 16 14#4 6 13#1 8#@-1.000000@
19 2 11 4 8 5 6 17 13#1 3 18 9 12 16 14#15 10#@-1.000000@
19 8 11 4 5 14#3 10 6 17#1 9 2 12 16 13 15#18#@-1.000000@
19 2 17#3 5 1 10 13#4 12 6#9 11 8 16#18 15 14#@-1.000000@
8 12 16 6#11 9 15#19 3 4 5 2 10#1 13 17 14#18#@-1.000000@
18 3 14#11 10 6 17 13#1 2 8 12 16 9 15#19 5 4#@-1.000000@
13 14#18 16#19 3 2 9 1 5#11 17 12 10 15#8 4 6#@-1.000000@
1 18 12 6 15#19 9 13 14#8 11 3 16 5 2 10 17#4#@-1.000000@
8 16 10 6#11 1 13 17 14#3 2 9 15#18 4 12 5#19#@-1.000000@
9 4 12 6#19 11 17#8 18 3 16 1 13#5 10 14#15#2#@-1.000000@
4 12#18 11 5 6 13#2 9 15 14#19 8 3 16 17 10#1#@-1.000000@
3 16 14#9 8 4 10 15#1 18 2 6 17#11 5#19 12 13#@-1.000000@
18 16 10 15#4 17 12#11 3 13 14#19 5 1 9 8 6#2#@-1.000000@
3 4 2 1 14#18 12 16 9 6#19 5 10 17 15 13#8 11#@-1.000000@
9 11 12 5 1 14#19 16 13#2 18 8 4 17 6 15#3 10#@-1.000000@
9 17 14#8 18 11 1 13#19 4 2 6 15#12 10#3 16 5#@-1.000000@
15#19 3 4 5#8 11 2 1 13 14#10#18 9 16 17 12 6#@-1.000000@
3 17 6 15#4 9 5 13#16 2 10#19 11 12 1#18 8 14#@-1.000000@
3 16 10 6#18 5 17 15 13#19 9 11 14#1 8 2 4 12#@-1.000000@
2 3 16 10 14#12 13#18 11 4 9 6 17#1 19 8 5 15#@-1.000000@
1 18 11 2 10 6 13#8 5 15#3 4 16 14#19 9 17 12#@-1.000000@
19 5 2 10#18 4 15 14#8 11 1 13#3 16 17#12 9 6#@-1.000000@
19 9 8 3 2 16#4 14#18 11 12 5 15 13#1 6 10 17#@-1.000000@
1 19 18 16 17 12 6 14#4 5 13#9 11 3 8 2 10 15#@-1.000000@
18 11 1 15 17 14#2 3 4 12 5#19 8 13#16 9 6 10#@-1.000000@
5 1 9 10#8 3 11 6 15#19 18 16 13 14#2 4 17 12#@-1.000000@
4 15#3 18 11 5 12 2 10#19 9 6 13 14#1 8 17#16#@-1.000000@
4 2 12 5 14#19 18 8 13 15#9 11 6 17#3 16 1 10#@-1.000000@
4 16 14#3 11 10 15#8 12 2 6#18 9 1 5 17 13#19#@-1.000000@
14#16 6#8 12#19 4 10 15 13#1 11 17#3 18 2 9 5#@-1.000000@
12 2 6 15#19 11 4 8 16 5#18 9 14#13#1 3 10 17#@-1.000000@
14#16 15#5 8 4 12 6#11 10 17 13#19 3 18 2 9 1#@-1.000000@
6 13#19 8 3 16 1#4 17 12 14#18 11 9 10 15#5 2#@-1.000000@
19 9 8#18 11 4 1 13#12 10#3 16 17 15 14#5 2 6#@-1.000000@
12 2 15#9 3 4 1 5 16 17 10 6#19 11 18 8 14#13#@-1.000000@
1 12 14#3 18 9 16 17 6 15#19 2 4#11 8 5 10 13#@-1.000000@
3 12 14#18 9 1 15 13#11 16 5 6#8 2 10 17#19 4#@-1.000000@
3 4 12 15#1 8 18 9 10#11 2 6 14#19 16 17 13#5#@-1.000000@
3 12 13#1 9 8 10 6#11 4 5 15#16 2 14#19 18 17#@-1.000000@
1 10 17#19 2 11 8 12 16#9 3 14#5 6 15#18 4 13#@-1.000000@
4 13 15#2 10 6#1 9 11 14#19 8 3 16 17 12#5#18#@-1.000000@
17 6 13#11 12 16 5 10 14#19 2 4#8 3 9 1 15#18#@-1.000000@
11 5 13 15 14#4 12 16 10 6#1 19 9 3 2 17#8 18#@-1.000000@
8 18 6 15 14#17#19 9 12 16 13#11 3 4 5 1 10#2#@-1.000000@
8 18 4 13 15#19 9 12#11 3 16 17 6#5 1 2 10 14#@-1.000000@
2 1 13 14#19 4 16 17 12#3 11 9 6 10#18 8 5 15#@-1.000000@
16 2 10 13#9 11 4 8 5 6 15#1 18 3 17#19 12 14#@-1.000000@
1 19 2#9 11 16 17 12#5 4 6 15#8 3 18 10 14#13#@-1.000000@
19 9 3 13#1 2 10 6 15#18 4 8 16 5 14#11 17 12#@-1.000000@
9 3 12 5 1 2 10#18 11 16#19 8 6 14#4 17 15 13#@-1.000000@
4 9 1 13#8 11 2 10 15#17 12 14#18 3 5 6#19 16#@-1.000000@
12 1 5 13#8 11 9 6 15 14#19 18 2 3 17#4 16 10#@-1.000000@
19 12 16 5 15 14#18 4 2 9 1 13#3 11 10 6 17#8#@-1.000000@
11 4 6#19 3 18 14#9 2 12 1 13#5 8 16 17 10 15#@-1.000000@
5 1 2 17 14#19 3 10 6#9 8 4 12 16 13#18 11 15#@-1.000000@
11 3 1 5 14#19 6 10#9 4 16 15#8 18 17 13#12 2#@-1.000000@
1 18 9#19 3 6 13#5 2 4 16 10#8 11 17 12 15 14#@-1.000000@
1 11 3 4 9 6 10 14#19 2 18 13 15#5 8 16 17 12#@-1.000000@
19 11 3 4 9 12 17 13 15 14#16 2 6#18 8 5 1 10#@-1.000000@
8 11 3 17#18 16 5 13#12 2 15 14#4 9 6 10#1 19#@-1.000000@
11 3 17#19 16 14#8 12 10 6 15 13#4 2 1 5#18 9#@-1.000000@
18 3 8 1 6 17#9 11 4 12 5 10 15 13#19 2 16 14#@-1.000000@
8 13 15#1 16 17 10#18 3 4 5 14#19 12 2 9 6#11#@-1.000000@
19 3 16 10 13#18 12 9 6#8 1 5 15 17 14#2 11 4#@-1.000000@
3 5 9 8 10 13#19 6 17 14#18 16 1 15#2 11 4 12#@-1.000000@
5 1 8 2 9 17#11 12#19 3 10 13#4 16 15 14#6#18#@-1.000000@
10 13#5 9 8 12 2 6 17#19 11 18 3 16 15#1 4 14#@-1.000000@
18 11 8 5 13 14#1 17 12 6#3 4 15#16 10#19 9 2#@-1.000000@
8 11 18 3 12 5 15 14#9 6 10#16 2 13#1 19 4 17#@-1.000000@
9 11 2 6 15#8 12 14#1 4 10#18 5 13#19 3 17#16#@-1.000000@
19 6 13#1 12 14#8 18 16 17 10#4 2 5 15#3 11 9#@-1.000000@
5 6 13#3 16 17 12 15#1 19 9 2 4#18 11 10 14#8#@-1.000000@
2 9 1 15#8 11 12 16#19 3 4 6#5 10 17 14#18 13#@-1.000000@
13 17 14#8 3 6#5 2 12 15#4#19 11 18 9 1 16 10#@-1.000000@
5 1 8 6 17#2 3 4 13#18 11 16 9 10 15#19 12 14#@-1.000000@
8 3 18 11 2 9 12#5 4 16 17#1 19 6 10 15#14#13#@-1.000000@
19 2 16 14#4 12#8 11 9 1 13#18 3 5 10 6 17 15#@-1.000000@
4 2 9 14#8 18 3 16 17 13#11 12 10 6#19 5 1 15#@-1.000000@
8 3 12 16 1 10 17 13#18 11 2 6 14#19 9 4 5 15#@-1.000000@
16 17 13#1 3 4 8 6 14#19 11 18 12 5 9 2 10 15#@-1.000000@
1 19 15#18 3 12 16 6#9 11 2 4 10 14#5 8 17 13#@-1.000000@
2 6 15 14#18 3 13#16 9 10#19 4 17 12#8 11 1 5#@-1.000000@
2 11 15 14#9 8 10 17 13#19 18 4 6#3 12 16 1 5#@-1.000000@
8 11 15#9 4 17 13#3 18 2 5 14#1 19 16 10 6#12#@-1.000000@
11 3 12 2 10 6#16 1 14#5 9 8 4#19 18 17 15 13#@-1.000000@
18 3 1 15#9 11 17 13 14#4 8 12 16#19 2 10 6#5#@-1.000000@
9 17 13#1 19 15#8 3 10 14#18 16 6#2 11 4 12 5#@-1.000000@
5 17#19 15 10 14#18 12 9#1 2 11 3 8 16 6#4 13#@-1.000000@
5 8 12 10 14#3 4 9 1 16 13#6#19 11 2 18 17 15#@-1.000000@
16 9 15 14#19 3 4 2 1 5#8 18 17 12 6 13#11 10#@-1.000000@
19 2 3 12 1 6#4 16 13#8 18 11 9 15 17 14#5 10#@-1.000000@
5 2 10 6 14#11 17 12 13#19 18 1 15#3 4 8 9 16#@-1.000000@
8 11 5 2 10#1 19 6 15#18 3 13#4 16 14#9 17 12#@-1.000000@
4 16 15#19 5 2 12 17#8 18 3 1 13#6 10 14#11 9#@-1.000000@
8 11 6#5 12 14#1 16 10 15#9 2 4 17 13#19 3 18#@-1.000000@
8 3 13#19 11 18 5 2 10 17 14#1 9 4 12 16 6 15#@-1.000000@
2 11 14#19 10 17#18 8 5 13#3 4 1 6 15#9 12 16#@-1.000000@
11 17 12 6#8 18 3 16 5 1 14#19 9 15 13#4 2 10#@-1.000000@
19 3 18 11 2 14#1 9 16 13#5 8 17 6 15#4 12 10#@-1.000000@
5 1 9 12 10#19 3 18 11 2 16 13 15 14#8 6 17#4#@-1.000000@
8 18 17#9 14#19 2 11 4 15#5 6 10#3 12 16 1 13#@-1.000000@
8 2 6#3 18 11 9#19 4 13 15 14#5 10 17#1 12 16#@-1.000000@
11 1 15#18 6 14#2 3 13#19 5 9 17 12 10#4 8 16#@-1.000000@
2 8 16 6 15#5 17#3 18 9 14#19 4 10#12 1 13#11#@-1.000000@
19 10 15#5 1 2 17#3 4 6#9 11 8 12 16 13#18 14#@-1.000000@
12 2 13#8 11 5 15 17#6#19 18 3 4 16 1 14#9 10#@-1.000000@
8 11 3 13 15#2 18 5 9 6#1 19 12 16 14#4 10 17#@-1.000000@
18 4 12 14#3 2 11 9 5 16 17 10 15#1 19 8 6 13#@-1.000000@
1 19 17 14#11 10 6 15#18 9 4 12 16 13#8 3 2 5#@-1.000000@
3 12 10#4 8 14#16 2 6 15#18 9 1 5 13#19 11 17#@-1.000000@
15 17 14#4 12#11 16 2 6#9 1 13#8 18 10#3 19 5#@-1.000000@
2 1 15#4 12#18 5 6#19 11 3 16 14#9 8 17 13#10#@-1.000000@
3 9 1 15 13#11 4 2 10 6#5 16 17 14#12#19 18 8#@-1.000000@
6 14#19 11 5 17 12 13#1 3 18 10#9 2 4 16 15#8#@-1.000000@
16 6 14#18 17 15 13#2 3 4 9 1 5#8 12 10#19 11#@-1.000000@
9 13 14#18 3 5 6 10 17#15#4 12 1#2 11 16#19 8#@-1.000000@
19 5 10#18 17 12 15 13#1 8 11 3 2 14#9 4 16 6#@-1.000000@
19 5 10 14#2 8 17#11 9 3 4 16 13#1 18 12 6 15#@-1.000000@
8 18 3 13#5 6 10 17#1 19 4 12 16 9 14#2 11 15#@-1.000000@
17 14#8 11 5 10 15#1 19 18 3 16 6 13#9 2 4 12#@-1.000000@
4 12 13#1 11 18 10 15#9 6#19 3 8 14#5 2 17#16#@-1.000000@
5 1 12 6#8 11 17#4 15#3 18 10 14#16 9 13#19 2#@-1.000000@
18 11 12 5#8 2 6 13#4 10 17 15#19 9 3 16 14#1#@-1.000000@
1 8 16 17 12 10 15 13#6 14#19 18 5#11 3 4 2 9#@-1.000000@
17 12 15#16 9 10#8 2 6 14#19 18 5#11 3 4 1 13#@-1.000000@
8 9 1 13 14#18 16 6 15#19 2 10#3 4 17 12#11 5#@-1.000000@
18 3 5 16 17 13#8 2 6 14#4 12 9 10 15#19 11 1#@-1.000000@
18 8 13#2 3 12 5 1 6 15#9 11 4 14#19 16 17 10#@-1.000000@
19 11 18 14#6 15 13#8 12 9 2 10#3 4 1 5 16 17#@-1.000000@
5 6#19 11 3 16 14#8 10 15#1 9 2 4 17 12 13#18#@-1.000000@
5 4 12 15#19 3 2 9 8 17#1 11 18 16 13 14#6 10#@-1.000000@
19 11 18 5 1 6#9 8 3 17#4 2 12 16 13 15#10 14#@-1.000000@
5 8 2 6 10 17#11 12 16 9 14#19 18 3 4 13#1 15#@-1.000000@
19 11 17 15 14#8 18 2 9 4 16 13#10#3 12 5 1 6#@-1.000000@
4 15#8 3 11 2 9 16 13#6#18 12#19 5 1 10 17 14#@-1.000000@
4 15 14#1 3 13#19 16 10 6#8 18 9 12 17#2 11 5#@-1.000000@
9 15 14#18 11 3 13#1 19 16 10#4 8 2 6#5 17 12#@-1.000000@
2 1 15 17#19 11 9 5 16 14#3 4 8 10 6 13#12#18#@-1.000000@
5 9 8 2 16 17 10 6#19 3 4 12 1 15 13#18 11 14#@-1.000000@
14#11 6 15 13#19 9 10 17#3 4 2 12 16#18 8 1 5#@-1.000000@
2 3 16 17 13#19 8 10 15#4 6 14#18 11 9 12 1 5#@-1.000000@
18 4 1 9 6 13#2 11 8 12 10 15#19 3 17 14#16 5#@-1.000000@
18 11 3 4 1 13#12 9 14#2 10 6 15#19 5 8 16 17#@-1.000000@
19 9 6 10 15#5 8 4 12 17#16 1 14#3 18 2 13#11#@-1.000000@
12 5 15 14#19 3 6 17#16 9 13#2 11 4 8 1 10#18#@-1.000000@
18 2 9 1 5 12 14#16 17 13#19 11 8 15#4 10 6#3#@-1.000000@
18 4#19 3 9 1 13#16 12 2 10 14#8 11 5 15 6 17#@-1.000000@
8 18 9 5 16#11 4 1 6 17 14#3 2 10#19 12 13 15#@-1.000000@
4 10 15#5 1 17 14#18 16 6#8 11 2 9 12 13#19 3#@-1.000000@
13#1 19 8 4 2 6 15#3 16 5 10#18 11 9 17 14#12#@-1.000000@
13#3 18 6#4 8 16 15#5 1 14#9 11 12 2 10 17#19#@-1.000000@
18 10#19 11 2 3 4 9 1 14#8 12 16 5 13#17 6 15#@-1.000000@
10 6 13#11 16 1 5 15 14#19 9 4 12#3 18 2 8 17#@-1.000000@
14#3 4 13 15#19 2 6 10 17#8 18 11 9 1 5 12 16#@-1.000000@
11 13 14#16 17#19 8 10#2 4 12 5 15#1 3 18 9 6#@-1.000000@
4 12#3 11 2 5 14#19 6 10 13#8 9 15#1 18 16 17#@-1.000000@
8 18 4 16 5 10#12 13#19 11 9 1 15 6 17#2 3 14#@-1.000000@
2 9 15 13#1 3 10#4 8 16 14#18 6#19 11 5 17 12#@-1.000000@
8 9 6 17 13#1 18 14#3 4 5 2 10 15#19 11 12 16#@-1.000000@
19 11 14#12 15#3 4 9 1 16 13#2 18 10 6#5 8 17#@-1.000000@
3 10 14#16 2 12 17#4 5 13#11 6#19 18 8 1 15#9#@-1.000000@
12 16 9 10 15#4 14#2 3 5 13#1 8 18 11 6 17#19#@-1.000000@
18 3 16 10 6#11 4 17 13#2 15 14#5 1 9 8 12#19#@-1.000000@
14#8 11 18 16 10#19 4 1 13#9 3 17 15#5 12 2 6#@-1.000000@
18 5 15 17#16 9 14#1 8 2 10#3 4 6#19 11 12 13#@-1.000000@
18 1 5 13#17 6 14#3 11 2 10#8 12 16 15#19 9 4#@-1.000000@
12 1 13#3 18 11 6 14#9 8 4 16 17 10#2 5 15#19#@-1.000000@
16 5 6#9 8 3 17 14#11 4 13 15#19 18 12 1 2 10#@-1.000000@
16 9 10#8 5 15#3 12 1 6 14#18 11 4 17#19 2 13#@-1.000000@
8 11 18 3 13#1 19 6 10#5 16 12 17 14#4 2 9 15#@-1.000000@
18 11 9 12#5 1 4 6#8 16 10 13 14#19 3 17 15#2#@-1.000000@
3 10 6#18 12 5#4 8 16#19 9 15 17 14#1 2 11 13#@-1.000000@
11 16 15#12 13#8 3 18 10#1 9 4 6#19 5 2 17 14#@-1.000000@
16 14#2 11 9 15 13#10#8 18 4 12 6#1 19 3 5 17#@-1.000000@
3 18 10 15#2 11 16 17 12 6#5 4 14#19 9 8 1 13#@-1.000000@
18 16 1 10 15#5#19 2 11 4 12 14#8 3 9 6 13#17#@-1.000000@
1 11 10#9 2 8 5#19 16 12 17 13#18 3 14#4 6 15#@-1.000000@
19 8 6 13#1 16 10#9 4 17 15#2 3 12#18 11 5 14#@-1.000000@
14#5 2 8 16 12 10#4 15#1 19 18 3 17 13#9 11 6#@-1.000000@
4 17#3 11 9 6 15#18 5 1 2 10 14#16 12 13#8#19#@-1.000000@
18 4 17#3 2 9 16 13 14#5 12 6#1 19 8 11 10 15#@-1.000000@
1 16 12 17 14#19 6 10#11 4 13#9 5 15#8 3 18 2#@-1.000000@
19 9 8 3 10 6 17#2 11 5 13 14#1 18 12 16 15#4#@-1.000000@
2 11 9 1 5 15#19 3 4 8 17#18 16 6 14#12 10 13#@-1.000000@
9 8 2 6#12 15#11 4#1 19 3 16 10 14#18 5 17 13#@-1.000000@
6#2 11 9 5 15#19 3 4 12 13 14#1 8 10 17#16#18#@-1.000000@
9 11 4 15#18 3 5 2 10#19 12 16 13#1 6 14#8 17#@-1.000000@
19 9 12 10#5 8 6 17#18 4 13 14#11 2 3 16 1 15#@-1.000000@
3 19 1 15 14#13#5 12 6#8 18 11 9 2 10 17#4 16#@-1.000000@
11 2 6 15#3 4 1 5#19 8 18 16 13 14#9 17 12 10#@-1.000000@
15 10 14#3 6 13#16 17#11 9 5 4 12 1#19 2 18 8#@-1.000000@
19 11 15#8 18 4 16 5 2 10 6 14#9 3 12 13#1 17#@-1.000000@
1 19 14#18 11 8 5 6 15#4 2 16 13#3 12 9 10 17#@-1.000000@
18 8 5 6#3 16 1 13#11 4 2 10 17 14#12 9 15#19#@-1.000000@
9 6 10#18 11 12 14#1 2 4 17 15#19 8 5 13#16#3#@-1.000000@
8 3 12 16 9 15 17 14#19 5 2 10#4 6#18 11 1 13#@-1.000000@
3 4 8 5#11 10 6#1 19 9 2 12 16#18 17 13 15 14#@-1.000000@
2 18 8 5 16 10 13#3 11 6 15#19 4 12 9 14#17#1#@-1.000000@
14#19 9 3 6#18 4 5 16 17#2 11 12 10 15#8 1 13#@-1.000000@
17 14#2 11 4 9 13#19 8 18 5 12 16#1 3 10 6 15#@-1.000000@
12 14#8 18 11 2 5 17#16 6#1 19 9 4 10 15 13#3#@-1.000000@
5 2 14#19 15 17#6 13#8 11 12 16 1#18 3 4 9 10#@-1.000000@
19 10 15#5 1 9 6 14#8 11 18 4 13#2 3 17 12#16#@-1.000000@
19 8 13#16 9 6 10#18 5 15 17#2 3 4 12 14#11 1#@-1.000000@
9 8 2 10#18 11 3 5 6#1 19 12 16 13 15 14#4 17#@-1.000000@
12 9 1 13#10#8 11 16 5 6#18 3 4 2 15 14#17#19#@-1.000000@
5 1 16 9 10 17 15#4 12#3 18 11 2 14#19 8 13#6#@-1.000000@
11 3 12 5 9 6 10 17#4 2 8 16 15 14#1 19 18 13#@-1.000000@
3 4 9 12 16#19 8 18 10#1 11 6 15#5 2 17 13 14#@-1.000000@
1 18 3 17 12 15#2 10 14#11 4 8 9 5 13#19 16 6#@-1.000000@
19 12 10 6 13#16 17 15#1 9 2 8 4 14#18 11 3 5#@-1.000000@
18 11 3 4 5 15 6 17#16 9 13#1 8 2 10 14#19 12#@-1.000000@
2 8 14#11 1 5 15#9 4 16#19 3 10 13#18 17 12 6#@-1.000000@
8 3 4 1 5 13#11 2 18 16 10 6 15 14#19 17 12#9#@-1.000000@
12 15#4 14#1 3 18 2 10 17#19 16 9 6 13#8 11 5#@-1.000000@
19 9 10 17 15#18 12 6#8 11 3 4 16 5 1 14#13#2#@-1.000000@
9 13#19 11 2 3 12 10 6 14#16 17 15#18 8 1 5#4#@-1.000000@
18 9#19 12 6#8 11 3 17#2 5 13 15 14#4 16 1 10#@-1.000000@
19 9 17#3 12 5 13#8 18 4 16 1 6 15#2 11 10 14#@-1.000000@
19 5 4 17 13#16 12 14#3 18 9 6 15#1 8 11 2 10#@-1.000000@
4 5 15 17#8 12#19 16 10#3 18 11 2 9 14#1 6 13#@-1.000000@
12 1 15 17#3 4 5 14#9 11 10 13#8 18 16#19 2 6#@-1.000000@
1 8 18 17 15#3 9 11 10 6 13#5 2 4 12 16 14#19#@-1.000000@
1 8 11 4#19 3 18 9 6 17#5 15 10 14#16 12 2 13#@-1.000000@
1 19 9 8 17#18 3 4 6 15#5 2 12 14#11 16 10 13#@-1.000000@
10 14#19 18 8 13#1 9 4 6 15#2 3 12 16#11 5 17#@-1.000000@
19 10 15#2 11 9 1 5 16 12 17#3 4 14#13#8 18 6#@-1.000000@
16 5 1 14#9 17 13#19 8 18 3 12 10#11 2 6 15#4#@-1.000000@
16 13 14#18 3 17#8 12 9 2 10#4 5 15#19 11 6#1#@-1.000000@
2 3 8 12 16 1 13 15 14#19 11 4 9 5 17#18 10 6#@-1.000000@
4 10 13#12 15#19 11 3 14#2 18 8 16 5#1 9 6 17#@-1.000000@
13#19 4 12 15#9 3 2 10#8 11 5 1 6#16 17 14#18#@-1.000000@
3 11 9 6#5 2 8 16 10#19 12 13 15#1 18 4 17 14#@-1.000000@
19 4 5 13 14#17#8 16 10 15#1 3 18 2 9 6#11 12#@-1.000000@
5 8 10 6#16 17#1 19 11 3 4 13#9 15#2 18 12 14#@-1.000000@
5 16 10#11 17#1 19 12 6 13#8 3 18 9 14#2 4 15#@-1.000000@
3 4 10#11 6 17 14#19 2 12 16 15#1 8 18 9 5 13#@-1.000000@
13#16 10#18 11 3 4 1 15#8 17 12#19 5 9 2 6 14#@-1.000000@
4 16 15 14#18 12 1 10#8 3 11 9 17#19 5 6 13#2#@-1.000000@
3 16 14#9 8 17 6 15#11 1 13#19 18 4 12 5 2 10#@-1.000000@
4 15 14#8 11 9 5 12 17#1 19 6#3 18 2 13#16 10#@-1.000000@
4 10 14#18 11 5 16 17 13#8 2 3 12 9 1#19 6 15#@-1.000000@
18 11 4 1 6 13#5 16 12 17 15 14#19 9 8 3 2 10#@-1.000000@
18 11 3 4 9 6#5 2 8 16 17 12 10 14#1 19 15 13#@60476.252278@
2 18 15 14#19 3 6#5 16 12 17 13#11 4 8 1 9 10#@-1.000000@
18 3 4 8 16 9 2 6#19 11 17 12 14#5 1 15 13#10#@-1.000000@
1 19 8 3 17#18 11 9 16 14#4 12 2 10 15 13#5 6#@-1.000000@
5 1 9 2 17 14#18 11 4 10 6#19 3 12 13#16 15#8#@-1.000000@
5 1 9 4 17#12 2 10 15 14#8 3 18 6 13#11 16#19#@-1.000000@
15 6 17#1 9 3 13#5 2 8 12 10#18 4 14#11 16#19#@-1.000000@
9 11 14#3 19 13#18 8 5 17 12 10#4 16 1 2 6 15#@-1.000000@
1 4 6 13 14#19 5 2 17 12 10 15#8 3 18 9 16#11#@-1.000000@
11 17 15 13#18 12 16 9 6#3 19 5 8 10 14#4 2 1#@-1.000000@
18 3 8 5 9 6#12 2 10#19 11 4 15#16 17 13 14#1#@-1.000000@
8 17 6 15#18 9 1 5 16 14#2 10 13#19 3 4 12#11#@-1.000000@
18 12 9 10 17 14#4 2 13#19 5 16 6#8 11 3 1 15#@-1.000000@
4 13#19 3 12 2 9 14#8 11 5 1 6 10 15#18 16 17#@-1.000000@
16 2 17 13#11 5#19 9 3 12 6#1 8 4 10 15#18 14#@-1.000000@
16 14#3 12 2 9 6 10 17#19 8 18 4 1#11 5 15 13#@-1.000000@
11 5 10#16 12 2 6 13#8 18 17#19 4 14#3 9 1 15#@-1.000000@
18 3 1 5 12 9 6 15 13#16 2 14#8 10 17#19 11 4#@-1.000000@
19 5 16 14#4 2 6 13#9 3 17#18 11 12 15#1 8 10#@-1.000000@
19 3 18 9 2 10#4 16 13#8 11 12 5 15 17#1 6 14#@-1.000000@
19 3 17#8 18 12 6 13#1 11 16 9 2 10 15#5 4 14#@-1.000000@
1 19 4 12 5 9 6#8 18 11 2 17 13 14#15#3 16 10#@-1.000000@
1 4 2 6#8 16 17 12 10 15 13#18 11 5 14#19 9 3#@-1.000000@
4 2 16 15#19 9 11 10#1 8 6 17 13#18 3 12 5 14#@-1.000000@
1 2 17 12 15 13#11 3 4 10 14#19 9 8 16 6#18 5#@-1.000000@
12 5 13#16 9 6 10#4 14#19 3 18 11 2 8 1 15 17#@-1.000000@
16 2 10 6#4 12 5 13 14#19 11 18 3 15#1 9 8 17#@-1.000000@
11 2 6 15 13#3 4 8 12 9 14#19 18 16 1 10 17#5#@-1.000000@
9 15 13#11 16 5#8 2 18 4 12 14#1 3 10 6 17#19#@-1.000000@
13 14#5 17#1 19 8 11 6#4 2 9 15#18 3 12 10#16#@-1.000000@
2 11 5 17 12 10 14#1 19 3 6 15#18 4 9#8 16 13#@-1.000000@
1 2 14#18 17 12 15#5 13#11 3 4 8 9 6 10#16#19#@-1.000000@
11 9 13#18 12 16 10 15#1 3 14#4 6 17#19 2 8 5#@-1.000000@
11 9 5 15#1 2 17 14#3 4 6#8 18 12 13#10#19 16#@-1.000000@
5 1 9 2 16 17 12 6 13#15 14#18 11 4 8#19 3 10#@-1.000000@
19 16 14#12 9 10 17 13#5 1 6 15#8 11 18 3 4 2#@-1.000000@
18 2 9 17 13#8 11 4 14#5 16 10 6 15#1 19 3 12#@-1.000000@
15 6 10 14#2 11 16 13#18 3 4 1#19 5 9 8 12 17#@-1.000000@
19 9 2 1 15 13#3 10 6#18 8 14#17#11 4 12 16 5#@-1.000000@
2 3 5 10 17#19 9 12 16#8 11 15 14#1 18 4 6 13#@-1.000000@
5 4 16 17 15 13#12 14#8 3 11 2 9#19 18 10 6#1#@-1.000000@
19 3 14#18 12 16 5#9 11 4 17#8 6 15 13#1 2 10#@-1.000000@
19 2 18 5 10#8 11 3 17 12 14#9 6 15 13#4 16 1#@-1.000000@
1 11 17#18 8 14#3 5 6 15 13#19 16 12 10#4 2 9#@-1.000000@
14#3 16 5 10 6 15#2 11 12 1 13#4 8 9#19 18 17#@-1.000000@
3 4 9 15#19 18 5 1 10 17#2 11 8 12 14#16 6 13#@-1.000000@
19 4 15#9 3 16 5 1 6 17 13#12 14#8 18 11 2 10#@-1.000000@
5 6 17#19 11 3 1 13#8 18 12 16#4 2 9 14#15 10#@-1.000000@
5#19 2 11 8 17 6 15#1 18 3 14#9 12 16 13#10#4#@-1.000000@
9 3 10 13#11 4 16#1 18 6 14#5 2 12#19 8 17 15#@-1.000000@
3 4 10#18 5 14#12 2 9 6 17 13#11 1 15#16#19 8#@-1.000000@
3 10 17 13#11 12 15 14#19 2 18 9 5#8 4 16 1 6#@-1.000000@
18 2 3 4 6#19 5 1 17 12 15 13#8 11 16 9 10 14#@-1.000000@
18 3 12 9#19 16 1 5 15 6 17#4 2 8 13 14#10#11#@-1.000000@
5 1 17#19 18 16 6 13#11 4 12 9 10#8 3 2 15 14#@-1.000000@
17 10 13 14#12 9 1 15#16 6#19 5 2 8#18 11 3 4#@-1.000000@
9 15 13#1 2 18 4 16 5 10 14#19 8 11 3 17 12 6#@-1.000000@
11 3 5 1 6 13#18 4#19 10 14#9 2 8 16 12 17 15#@-1.000000@
3 16 5 2 10#1 9 6 15 13 14#8 11 18 12#19 4 17#@-1.000000@
5 2 8 16 17 10#3 9 6 15 14#19 11 18 13#1 4 12#@-1.000000@
15#11 16#1 19 9 8 4 17 12#18 5 14#2 10 6 13#3#@-1.000000@
1 17 15 13#19 11 4 8 16 9 6#18 12 2 10 14#5#3#@-1.000000@
5 8 17 13#18 10 6#16 12 2 14#19 11 15#1 9 3 4#@-1.000000@
9 8 17 13#18 11 4 1 6 10#2 3 16 5 15#19 12 14#@-1.000000@
5 1 8 17 13 14#12 10 6#9 11 2 4 16#19 3 18 15#@-1.000000@
5 4 16#19 8 3 17 15#18 11 12 6#9 10 14#2 1 13#@-1.000000@
2 10 6#19 5 9 4 16 17#11 1 15 13#8 18 3 12 14#@-1.000000@
18 9 13 14#1 19 4 10 6#16 12 17#3 11 2 5 15#8#@-1.000000@
6#18 9 4 17 13#19 2 11 15 14#1 8 16 10#3 12 5#@-1.000000@
6 10 14#4 13#19 3 18 11 2 9 17 15#5 1 8 12 16#@-1.000000@
5 12 6#4 16 14#19 11 18 15#1 3 8 9 2 10 17 13#@-1.000000@
12 2 15 13#4 16 1 5 10#19 9 8 3 6 17#18 11 14#@-1.000000@
18 11 2 9 1 14#5 4 16 17 10 6 13#8 3 15#19 12#@-1.000000@
4 2 9 14#18 11 5 13#1 19 6 17#8 3 10#16 12 15#@-1.000000@
1 9 17#18 11 3 12#19 4 10 14#16 5 13#8 2 6 15#@-1.000000@
9 10 6 17 15#8 18 12 13#1 19 5 16 14#3 11 2 4#@-1.000000@
15 6 10#18 9 5 17 12#2 8 4 16 1 13#19 11 3 14#@-1.000000@
18 2 3 4 5 14#1 19 10 17 13#16 15#9 11 8 12 6#@-1.000000@
16 14#3 11 2 6 17#1 12 10 13#4 9 15#19 18 8 5#@-1.000000@
