33176.631335	0.000000
24363.213254	0.090429
23377.188058	0.677704
22895.469860	17.124665
22468.865576	27.606464
22468.865576	1504.961351

25410.389021	0.000000
19010.629394	0.051585
18750.597020	19.683420
18337.378959	27.168658
17368.902657	37.631171
16784.124239	60.442633
16494.215785	540.354257
16494.215785	1506.585307

28415.887396	0.000000
21592.486951	0.063043
21189.673154	0.986573
20618.949002	1.038536
18772.102892	1.383908
18518.245678	8.627051
17988.003383	10.697508
17937.474886	286.709656
17509.291874	327.590702
17257.291488	431.937780
17130.036946	642.681991
16912.200669	871.613688
16912.200669	1507.106367

31059.664928	0.000000
22565.592776	0.091452
21248.344660	0.167485
20811.198100	0.777398
20675.635336	1.002758
19986.578428	1.789068
19922.740696	1.851565
18992.253680	2.230066
18535.281644	4.393308
18513.730474	10.141052
18072.081476	32.936503
17677.204057	49.379655
17677.204057	1506.242449

26819.695705	0.000000
20988.540626	0.047404
20537.347642	0.280373
17472.830567	1.421515
17082.928592	86.969714
16811.132988	1039.904546
16811.132988	1507.237195

32764.907936	0.000000
27150.125410	0.071145
24526.959433	0.280070
24185.232434	1.191680
24155.147710	4.511665
23764.662239	5.648052
22332.250307	16.171040
22332.250307	1504.562747

28555.791413	0.000000
21919.826037	0.062215
21808.647837	0.287683
21328.902280	0.350486
20227.071444	0.491551
19218.623440	1.387719
19218.623440	1506.197404

33740.224816	0.000000
28183.224038	0.087966
22364.046239	0.172086
22011.062426	1.472884
21757.615902	1.892941
20199.089852	3.420275
20036.289801	12.192791
19745.295839	55.897118
19583.357807	428.622031
19324.933121	921.378442
19117.302630	1409.102783
19117.302630	1505.448824

28101.972473	0.000000
22691.953224	0.084090
22653.910329	0.275349
21050.064233	0.411599
20809.173809	0.609796
20804.055844	0.950733
19986.915803	2.256927
19865.836857	4.197288
19495.198186	8.130688
18959.885152	10.754112
17126.581907	48.199320
17126.581907	1506.646734

27055.960815	0.000000
20703.546045	0.056682
20591.284532	0.245380
17937.909454	0.292486
17677.552007	7.922121
16802.704182	15.530735
16802.704182	1507.526803

28283.214110	0.000000
23824.687260	0.093057
22170.954943	0.188895
21049.889360	0.281880
19865.254580	0.898443
19092.331773	2.567836
18757.170066	3.539311
17340.414066	3.707366
17340.414066	1505.343120

26501.045284	0.000000
18499.368465	0.054345
18434.765447	0.104180
17981.772785	2.759264
17745.129692	5.669481
17459.915100	14.208202
16913.966994	17.128754
16913.966994	1506.677765

30214.380872	0.000000
22626.773716	0.070520
22521.042929	0.351400
22161.458465	1.331389
20521.778019	2.933287
20521.778019	1506.011425

27262.888155	0.000000
20130.938237	0.067858
19440.443439	0.453916
18573.688518	8.793712
18488.809492	12.607339
18313.698870	13.053063
18304.537589	20.295762
17842.001290	26.349421
17224.142764	66.101228
17224.142764	1506.146374

30527.497913	0.000000
25380.570966	0.104197
20476.191333	0.173777
20462.868717	1.244688
19648.491365	2.222317
19107.758830	5.741228
18831.759884	42.193884
17785.669462	75.017756
17785.669462	1505.513714

29758.748039	0.000000
22008.471954	0.062898
20351.204289	0.187424
19226.793500	1.634249
19226.793500	1507.325434

30936.055841	0.000000
24605.031427	0.051092
23964.678977	0.198885
23381.509798	0.313239
23324.610544	0.621749
22372.201966	0.775464
22314.120137	2.167753
21790.833104	2.384322
20122.540081	2.783368
19911.996117	30.933032
19736.276724	68.979878
19736.276724	1506.896773

30766.198178	0.000000
23079.006831	0.053781
21453.157775	0.202930
21443.246172	0.251812
19900.894037	0.714282
19822.748627	5.644739
19672.378823	6.070733
19600.852677	6.117978
19517.502332	7.126378
19143.796839	9.184794
18275.465378	21.702064
18139.910343	75.090422
17275.211394	1317.223806
17275.211394	1508.432539

27291.852282	0.000000
22143.532163	0.055264
20841.170011	0.110817
19134.504686	0.169380
19017.377361	0.507446
18468.232943	0.730437
16461.529394	0.877862
15897.963870	159.693569
15812.415205	831.023219
15803.551311	1158.749238
15803.551311	1507.911053

30118.037736	0.000000
24546.528714	0.094927
24078.550111	0.196836
24067.780079	0.361356
22161.525383	0.426803
21909.073770	0.706520
21452.069912	1.656504
21395.938180	2.059682
21226.950758	2.693310
21015.900433	4.608843
20727.251934	5.036528
20486.557922	5.488031
20286.798696	6.137881
20250.334596	13.101311
20250.334596	1505.845190

27565.639434	0.000000
22287.661441	0.080461
19346.766690	0.144228
18783.495381	0.469532
18299.697306	0.599971
16992.650835	0.807238
16525.279588	8.216548
16144.092421	24.667465
15795.914480	222.993601
15101.301083	500.407923
15101.301083	1506.317943

23386.254313	0.000000
17946.925280	0.062256
17795.204506	12.446502
17333.319959	17.249824
16851.042116	45.244629
16851.042116	1505.508746

32500.617373	0.000000
24916.501315	0.109088
24058.522915	0.354038
23916.856259	1.741242
22630.223492	2.505871
22416.374226	7.366169
22400.882488	8.370866
22232.532230	11.486436
21660.405948	20.038868
21645.499485	100.306512
21645.499485	1504.195597

27798.613754	0.000000
19570.718693	0.053422
19027.464353	0.342467
18040.692486	0.981118
17861.258791	14.615563
17839.653462	31.085794
17525.284051	64.025864
17217.827816	87.842054
17028.645885	146.375212
16891.688028	253.860127
16583.846934	951.640488
16583.846934	1507.528843

26304.265625	0.000000
21360.015104	0.061850
21240.734444	0.326589
20793.236338	0.888561
20589.959615	1.407208
20464.204478	1.874892
20154.307477	2.928139
19805.304666	3.527854
19699.754168	4.723421
19582.254647	5.948045
19057.576144	9.955362
18842.990966	58.305530
18842.990966	1506.760234

26610.126535	0.000000
21861.664878	0.048756
21779.430643	0.294665
21179.288856	0.793742
20765.762436	1.294894
19911.698591	1.443451
19809.363706	1.551153
19146.293664	7.208631
18808.427743	17.937391
18808.427743	1508.025481

26462.273052	0.000000
21180.958604	0.057079
20121.901681	0.295395
19982.217693	0.478108
19143.517752	1.334633
19101.352576	1.510008
18643.114658	2.808267
18345.972005	5.392154
18084.168858	6.098593
17914.669062	9.235439
17417.546377	9.943873
17417.546377	1507.346742

31488.652093	0.000000
23753.452833	0.069524
20914.558770	0.130781
20565.025168	0.407298
18139.189959	0.466831
18139.189959	1507.762077

30849.126229	0.000000
23972.236174	0.069686
22756.780822	0.134169
20092.902886	0.195227
20029.925249	0.250577
18923.319526	0.889962
18447.846465	15.543863
17887.880168	40.431541
17887.880168	1507.108448

26495.876452	0.000000
21250.625301	0.047969
21080.165018	0.156113
20674.747310	0.204449
20439.676572	0.508944
20236.911974	0.613959
18249.600158	1.422494
16785.455356	11.048001
16672.820761	208.981197
16672.820761	1508.826936

30849.067828	0.000000
23478.714257	0.053065
20394.479252	0.098153
20126.251540	1.296956
19116.296940	1.797828
19042.418986	11.238376
18789.978392	11.924020
18697.572829	15.271054
18434.522251	22.247790
18385.513272	39.691351
18385.513272	1508.058841

