Example1 4 3824.0 439.7044780254364
Example1 5 4694.911978786817 48.72880291938782
Example1 6 5613.0 91.3335599899292
Example1 7 5978.788813093639 77.79675602912903
Example1 8 6529.648166032826 77.44752192497253
Example1 9 7451.138957746182 59.8954131603241
Example2 7 5948.0 579.9159719944
Example2 8 5977.0 365.2089829444885
Example2 9 6464.843063505146 178.8981897830963
Example3 4 3871.0 98.88835215568542
Example3 5 4735.330626465593 47.826012134552
Example3 6 5393.0 43.3631432056427
Example3 7 5896.004132257703 14.467242956161499
Example3 8 6677.961804440978 44.23735499382019
Example3 9 6834.0 15.144156217575073
Example4 3 2864.0 341.9106111526489
Example4 4 3543.798584916756 80.44150304794312
Example4 5 4369.732899879432 45.21874713897705
Example4 6 5152.036899157288 11.857710123062134
Example4 7 4987.498918777681 10.609261989593506
Example4 8 5072.0 5.81903600692749
Example4 9 6206.13990383989 10.174994945526123
Example5 7 6426.0 497.1285560131073
Example5 9 7937.0 98.07999610900879
Example6 4 3753.616081466053 84.6316192150116
Example6 5 4649.160658107483 58.87840485572815
Example6 6 5415.0 13.7584228515625
Example6 7 6507.259169127147 50.010777950286865
Example6 8 7188.918009223457 38.650232791900635
Example6 9 7345.918009223457 14.643710136413574
Example7 6 5495.252638298247 60.928107023239136
Example7 7 6218.0 140.40846610069275
Example7 8 6747.289095522174 79.77061486244202
Example7 9 7312.0 37.79767298698425
Example8 3 2910.0 372.30476093292236
Example8 4 3840.0 462.7683629989624
Example8 6 5287.0 222.51936602592468
Example8 7 6280.849319397788 172.36106705665588
Example8 8 7094.781385336776 156.59495496749878
Example8 9 7657.212562257415 101.1460189819336
Example10 4 3783.0 412.0764629840851
Example10 5 4671.0 63.36329913139343
Example10 6 5262.0 100.02620005607605
Example10 7 5399.359956926952 60.93071508407593
Example10 8 5922.0 65.539785861969
Example10 9 7360.359956926952 65.97540616989136
Example11 5 4775.0 360.27552604675293
Example11 6 5447.0 280.81676602363586
Example11 7 5794.0 136.36877393722534
Example11 8 6539.953548636311 120.04811120033264
Example12 4 3750.0 473.64770007133484
Example12 5 4223.911172022398 240.5789041519165
Example12 6 4635.0 145.6105420589447
Example12 7 4815.0 111.12152695655823
Example12 8 6247.291550408196 105.15656995773315
Example12 9 6499.393622737189 129.98007702827454
Example13 4 3724.0 367.98808884620667
Example13 5 4642.669118523494 72.27141404151917
Example13 6 5545.16068424121 44.84083414077759
Example13 7 6179.542116415438 15.355093955993652
Example13 8 6552.18324927101 19.724210023880005
Example13 9 7835.800204995198 5.351824998855591
Example14 4 3743.0 344.310830116272
Example14 5 4611.0 160.35474705696106
Example14 6 5188.553426931112 45.47991490364075
Example14 7 6209.254955577625 64.99222803115845
Example14 8 6491.0 88.4719750881195
Example14 9 7479.0 199.0752489566803
Example15 5 4834.0 394.6176121234894
Example15 6 5108.247451725827 73.9201250076294
Example15 7 6430.0 79.43699193000793
Example15 8 6121.487663222775 117.91577506065369
Example15 9 7178.447271358198 75.31191396713257
Example16 7 5347.10525112014 97.32977080345154
Example16 8 5707.0 222.64469194412231
Example16 9 6276.9413234662 84.25737500190735
Example17 4 3743.0 519.6053349971771
Example17 5 4093.2244704397144 96.63966107368469
Example17 6 4490.429244371059 143.18653988838196
Example17 7 5911.877793689409 120.96046590805054
Example17 8 5259.035029355024 291.825572013855
Example17 9 6251.331381167315 166.97030878067017
Example18 4 3817.0 308.1547968387604
Example18 5 4251.3070201644805 140.06178402900696
Example18 6 4972.963645338084 220.34807515144348
Example18 7 5248.859837539518 148.21998596191406
Example19 4 3796.0 428.05184602737427
Example19 5 4652.301124979873 18.428385972976685
Example19 6 5143.0 74.09857702255249
Example19 7 5794.229851536717 51.09760808944702
Example19 8 6213.229851536717 12.47156286239624
Example19 9 7574.2613664934825 4.736585855484009
Example20 4 3705.0 106.00134515762329
Example20 5 4537.0 44.44003200531006
Example20 6 5646.34337820469 41.6742889881134
Example20 7 5231.814088089341 28.07220697402954
Example20 8 6498.501578331011 35.48368287086487
Example20 9 6576.0 102.8933629989624
Example21 6 5700.0 217.62646412849426
Example21 7 6176.794621856852 175.44677114486694
Example21 8 7607.794621856852 109.84976005554199
Example21 9 7391.963585488777 39.07561898231506
Example22 4 3654.298770250421 39.305567026138306
Example22 5 4400.0 63.52893900871277
Example22 6 4884.256954154491 67.39419507980347
Example22 7 5322.759578605735 71.60462689399719
Example22 8 6246.422848670757 85.59644103050232
Example22 9 5851.0 430.6294569969177
Example23 7 5802.0 162.02867698669434
Example23 8 6466.565522743637 148.36565899848938
Example23 9 6872.0 548.438157081604
Example24 4 3754.0 536.699835062027
Example24 5 4345.721685630201 84.92275595664978
Example24 6 5186.49815546475 88.50270986557007
Example24 7 5421.245067034057 34.44400095939636
Example24 8 6072.0 34.984116077423096
Example24 9 7099.0 14.73557996749878
Example25 9 6700.0 557.9535109996796
Example26 9 5512.0 564.0853090286255
Example28 5 3740.0 373.0921730995178
Example28 6 4588.866850191515 222.43747305870056
Example28 7 5455.0 439.45392084121704
Example28 8 5416.0 597.4160001277924
Example28 9 5998.0 248.97869515419006
Example29 5 4601.0 354.982439994812
Example29 6 5018.0 37.70650315284729
Example29 7 5959.0 50.281980991363525
Example29 8 6893.0 22.42471694946289
Example29 9 6967.0 19.466430187225342
