0 31 41 16 14 34 8 50 35 46 9 32 44 15 40 30#0 18 38 47 6 49 20 19 2 29 7 21 11 42 17 24 36 27 45#0 12 1 37 5 25 33 13 10 3 23#0 26 39#0 28 43#0 48#0 30 50 32 44 35 18 16 31 15 40 8 14 46 41 34 7 19 9#0 27 2 33 49 20 47 38 25 17 13 21 5 6 24 42 37 45 36 29 11 1#0 48 43 23 12 26 39 3 10#0 28#@-1.000000@
0 48 6 24 5 8 40 12 3 20 46 41 21 45 29 11 35 32 1#0 27 7 15 23 28 26 34 47 38 25 17 10 42 37 44 50 30#0 43 9 18 16 31 2 19 33 14 39 13 36#0 49#@11.470731@
0 7 19 16 31 40 14 28 3 46 34 25 5 6 30 50 32 11 35#0 27 9 23 2 15 33 8 49 47 21 17 10 37 44 45 42 24 1#0 18 43 12 26 39 41 38 13 36 29#0 48#0 20#@-1.000000@
0 9 16 8 14 12 26 34 21 17 10 42 24 45 44 11 35 1 30#0 27 6 5 19 15 23 2 40 33 28 49 46 41 47 13 37 32 50#0 43 18 31 39 20 3 38 25 36 29#0 7#0 48#@11.368192@
0 30 27 9 43 19 31 2 8 28 5 25 17 6 24 42 45 29 32 35#0 7 15 23 40 33 26 14 49 3 41 47 34 46 21 13 44 11#0 18 16 12 39 20 38 10 37 36 50 1#0 48#@10.619916@
0 30 18 15 19 5 14 12 3 41 34 10 42 24 44 35 50 1#0 32 11 45 37 17 13 47 46 39 49 28 8 2 23#0 27 6 29 36 21 25 38 7 33 40 31 16 9#0 48 20 43#0 26#@-1.000000@
0 30 43 19 16 31 2 15 40 8 14 3 46 34 42 45 44 32#0 1 50 11 29 36 6 24 10 17 13 21 25 38 47 49 28 33 23 9 27#0 18 7 12 26 39 20 5 37 35#0 41#0 48#@-1.000000@
0 16 23 15 8 12 28 5 46 34 41 21 42 37 45 36 29 11 32 1 30#0 27 43 19 40 14 49 47 38 25 17 10 24 6 50 44 35#0 48 13 3 26 39 33 9 18 31 2 7#0 20#@-1.000000@
0 32 45 42 10 21 25 38 3 14 5 8 40 31 15 19 9 30#0 2 33 49 46 34 47 41 17 37 36 44 11 35 50 24 27#0 43 48 13 20 26 12 28 18 16 23 6 29 1#0 7#0 39#@-1.000000@
0 2 15 14 12 26 46 34 25 17 42 24 11 35 50 1#0 18 44 45 37 10 38 47 41 3 49 8 40 23 7 19 9 27#0 48 30 6 43 31 33 28 39 20 5 21 13 36 29 32#0 16#@-1.000000@
0 9 30 6 24 29 32 11 44 45 37 42 10 21 38 46 3 5 15 31#0 27 7 19 16 23 2 40 33 8 14 28 47 41 17 35 50 1#0 18 12 26 20 34 25 13 36#0 49 39#0 43#0 48#@-1.000000@
0 16 15 40 12 28 14 5 46 17 13 42 37 45 1 35#0 18 31 2 23 19 7 8 49 3 34 47 38 25 6 24 36 44 11 32 30 9#0 27 43 33 26 39 20 21 10 29 50#0 41#0 48#@-1.000000@
0 30 43 15 31 40 8 14 3 21 17 10 24 44 11 32#0 27 9 18 16 19 49 46 34 47 41 13 42 45 36 29 35#0 1 50 6 37 25 38 20 39 28 12 5 33 2 23 7#0 48#0 26#@-1.000000@
0 9 16 23 40 8 12 5 46 34 25 13 24 42 37 45 29 11 32 50 1#0 35 44 36 17 41 47 21 49 14 2 15 19 7 6 30 27#0 18 43 33 39 26 3 38 10 20 31#0 48#0 28#@-1.000000@
0 16 31 19 7 5 14 28 46 34 38 21 24 45 44 11 35 32 50 30#0 1 6 42 37 10 17 13 47 3 49 12 8 33 40 15 23 9 27#0 43 18 2 39 20 41 25 29 36#0 48#0 26#@-1.000000@
0 19 8 14 12 3 20 38 25 17 24 42 37 45 44 35 32 1#0 27 9 33 15 2 23 16 18 50 11 36 10 21 47 34 46 49 5 30#0 7 31 40 28 26 39 41 13 29 6#0 48#0 43#@-1.000000@
0 1 50 32 35 29 6 24 17 25 5 8 33 40 15 2 31 16 7 9 27 30#0 11 44 45 37 42 10 21 47 34 46 20 3 49 28 14 19#0 43 18 23 12 26 39 38 13 36#0 41#0 48#@-1.000000@
0 16 5 8 14 12 3 41 21 13 10 42 44 32 50 1 24 30#0 27 7 15 23 40 26 49 46 34 47 25 17 37 45 36 11 35#0 18 9 43 19 31 2 33 28 20 6 29#0 38 39#0 48#@-1.000000@
0 18 19 7 15 31 40 8 14 46 25 17 6 44 11 35 32 30#0 48 27 16 23 33 5 49 3 47 38 21 13 10 37 45 42 24 50#0 9 2 12 28 26 39 20 34 41 36 1 29#0 43#@-1.000000@
0 19 7 15 40 8 12 5 34 38 25 37 45 29 44 11 35 50 1#0 32 6 24 36 42 10 17 21 47 46 28 14 23 16 9 27 30#0 18 43 33 26 3 41 13 2 31#0 39 49 20#0 48#@-1.000000@
0 18 9 19 31 40 8 14 5 46 17 13 6 42 45 11 32 50#0 30 27 23 2 15 33 28 49 47 25 21 10 24 36 37 44 35 1#0 43 16 7 12 39 20 3 41 34 29#0 38 26#0 48#@-1.000000@
0 23 2 15 14 28 12 3 20 34 38 10 42 24 6 44 11 35 32 50 1#0 27 30 29 36 45 37 17 41 47 25 21 46 5 8 33 40 31 7 19 9#0 43 13 39 26 16 18#0 49#0 48#@-1.000000@
0 30 27 9 31 19 7 5 3 34 13 17 10 42 45 29 32 35#0 1 50 11 37 36 24 38 47 41 46 49 12 14 8 33 40 2 23 15#0 18 43 28 26 39 20 25 21 6 44#0 16#0 48#@-1.000000@
0 30 48 1 32 35 44 37 45 24 5 46 28 12 14 7 15 2#0 27 16 23 40 33 8 49 3 34 38 47 17 21 6 42 36 11 50#0 18 9 43 19 31 39 20 41 25 10 29#0 13#0 26#@-1.000000@
0 19 31 40 8 14 28 34 41 38 21 13 10 42 45 32 24 6 30#0 27 9 18 15 5 49 46 47 25 17 37 36 44 11 35#0 1 50 29 39 26 3 12 33 7 23 2 16#0 43 48#0 20#@-1.000000@
0 30 2 40 12 5 46 34 25 13 17 10 45 29 44 11 32 50 1#0 18 21 38 47 49 26 14 8 15 23 31 16 9 27 6 24 42 37 36 35#0 48 19 33 28 39 20 3 41#0 7#0 43#@-1.000000@
0 31 2 15 8 14 5 20 34 21 10 45 44 11 35 32 1 24 30#0 27 43 19 23 40 33 49 3 46 47 17 13 42 37 36 50#0 9 16 7 28 12 26 41 38 25 6 29#0 18 39#0 48#@-1.000000@
0 9 7 40 8 14 28 12 3 17 13 24 42 37 45 11 35 32 50 1#0 27 30 29 44 36 10 21 25 41 47 34 46 20 49 5 33 15 23 19#0 43 38 26 2 31 16 18#0 6 48#0 39#@-1.000000@
0 18 19 15 31 40 5 20 34 13 10 42 24 29 44 11 35 50 32#0 16 2 23 7 33 8 12 28 49 3 46 38 47 17 37 45 36 30 27#0 48 9 14 39 26 41 25 21 6 1#0 43#@9.702469@
0 1 11 44 10 17 3 12 14 8 2 15 7 5 6 9#0 18 35 50 45 37 42 24 13 47 34 46 49 40 23 16 19 27#0 30 43 31 33 28 20 41 38 25 21 36 29 32#0 26 39#0 48#@-1.000000@
0 30 50 32 44 35 18 16 31 15 40 8 14 46 41 34 7 19 9#0 27 2 33 49 20 47 38 25 17 13 21 5 6 24 42 37 45 36 29 11 1#0 48 43 23 12 26 39 3 10#0 28#@-1.000000@
0 48 6 24 5 8 40 12 3 20 46 41 21 45 29 11 35 32 1#0 27 7 15 23 28 26 34 47 38 25 17 10 42 37 44 50 30#0 43 9 18 16 31 2 19 33 14 39 13 36#0 49#@-1.000000@
0 7 19 16 31 40 14 28 3 46 34 25 5 6 30 50 32 11 35#0 27 9 23 2 15 33 8 49 47 21 17 10 37 44 45 42 24 1#0 18 43 12 26 39 41 38 13 36 29#0 48#0 20#@-1.000000@
0 9 16 8 14 12 26 34 21 17 10 42 24 45 44 11 35 1 30#0 27 6 5 19 15 23 2 40 33 28 49 46 41 47 13 37 32 50#0 43 18 31 39 20 3 38 25 36 29#0 7#0 48#@-1.000000@
