0 1 2 3 4 5#0 6 7 8 9#0 10 11 12 13 14#0 15 16#0 17 18 19#0 20#0 21 22#0 23 24 25 26#0 27#0 28 29 30#0 31#0 32 33 34 35 36#0 37#0 38 39 40#0 41 42 43#0 44 45 46 47#0 48#0 49#2 1 0 3 4 5#8 0 6 9 7#12 0 10 11 13 14#0 15 16#17 18 20 0 19#22 23 21 24 25 0 26#29 28 27 31 0 30#32 33 34 0 35 36#37 0 38 39 40#43 41 42 0#46 44 45 0 48 47#0 49#@-1.000000@
3 2 5 1 0 4#0 6 9 7 8#13 11 10 0 12 14#0 15 16#17 18 20 0 19#22 23 21 24 25 0 26#29 28 27 31 0 30#32 33 34 0 35 36#37 0 38 39 40#42 41 43 0#46 44 45 0 48 47#0 49#@166913.656533@
2 1 0 3 4 5#0 6 9 7 8#10 11 13 14 12 0#0 15 16#17 18 20 0 19#22 23 21 24 25 0 26#29 28 27 31 0 30#34 0 33 32 35 36#37 0 38 39 40#41 42 0 43#46 44 45 0 48 47#0 49#@163891.625764@
3 2 5 1 0 4#9 6 0 8 7#0 10 11 13 14 12#15 0 16#17 18 20 0 19#22 23 21 24 25 0 26#29 28 27 31 0 30#34 0 33 32 35 36#37 0 38 39 40#41 42 0 43#46 44 45 0 48 47#0 49#@160702.260907@
1 0 2 3 4 5#7 8 0 6 9#11 10 0 12 14 13#15 16 0#17 18 20 0 19#22 0 23 21 24 25 26#29 28 27 31 30 0#34 0 33 32 35 36#37 0 38 39 40#42 41 43 0#46 44 45 0 48 47#0 49#@-1.000000@
1 0 2 3 4 5#7 8 0 6 9#12 0 10 11 13 14#16 15 0#17 18 20 0 19#22 23 21 24 25 0 26#29 28 27 31 0 30#35 32 33 0 34 36#37 0 38 39 40#42 41 43 0#46 44 45 0 48 47#0 49#@-1.000000@
3 0 1 2 5 4#8 0 6 9 7#0 10 11 13 14 12#0 15 16#17 18 20 0 19#22 0 23 21 24 25 26#29 28 27 31 0 30#34 0 33 32 35 36#37 0 38 39 40#41 42 0 43#46 44 48 45 0 47#0 49#@-1.000000@
1 0 2 3 4 5#6 9 7 8 0#12 0 10 11 13 14#0 15 16#17 18 20 0 19#22 23 21 24 25 0 26#29 28 27 31 0 30#32 33 34 0 35 36#37 0 38 39 40#43 41 42 0#46 44 45 0 48 47#0 49#@-1.000000@
1 0 2 3 4 5#7 8 0 6 9#11 10 0 12 14 13#15 0 16#17 18 20 0 19#22 23 21 24 25 0 26#29 28 27 31 0 30#32 33 34 0 35 36#37 0 38 39 40#41 42 0 43#46 44 48 45 0 47#0 49#@-1.000000@
1 0 2 3 4 5#8 0 6 9 7#11 10 0 12 14 13#0 15 16#17 18 20 0 19#22 23 21 24 25 0 26#29 28 27 31 0 30#32 33 34 0 35 36#37 0 38 39 40#41 42 0 43#46 44 48 45 0 47#0 49#@-1.000000@
1 0 2 3 4 5#8 0 6 9 7#12 0 10 11 13 14#16 0 15#17 18 20 0 19#22 23 21 24 25 0 26#29 28 27 31 0 30#34 0 33 32 35 36#37 0 38 39 40#41 42 0 43#46 44 48 45 0 47#0 49#@-1.000000@
2 1 0 3 4 5#7 8 0 6 9#13 11 10 0 12 14#15 0 16#17 18 20 0 19#22 0 23 21 24 25 26#29 28 27 31 0 30#34 0 33 32 35 36#37 0 38 39 40#42 41 43 0#46 44 45 0 48 47#0 49#@-1.000000@
1 0 2 3 4 5#8 0 6 9 7#12 0 10 11 13 14#16 0 15#17 18 20 0 19#22 23 21 24 25 0 26#29 28 27 31 30 0#32 33 34 0 35 36#37 0 38 39 40#41 42 0 43#46 44 45 0 48 47#0 49#@-1.000000@
2 1 0 3 4 5#9 6 0 8 7#11 10 0 12 14 13#15 0 16#17 18 20 0 19#22 0 23 21 24 25 26#29 28 27 31 0 30#34 0 33 32 35 36#37 0 38 39 40#42 41 43 0#46 44 45 0 48 47#0 49#@-1.000000@
1 0 2 3 4 5#0 6 9 7 8#0 10 11 13 14 12#16 15 0#17 18 20 0 19#22 23 21 24 25 0 26#29 28 27 31 0 30#32 33 34 0 35 36#37 0 38 39 40#42 41 43 0#46 44 48 45 0 47#0 49#@-1.000000@
1 0 2 3 4 5#8 0 6 9 7#11 10 0 12 14 13#16 0 15#17 18 20 0 19#22 23 21 24 25 0 26#29 28 27 31 0 30#35 32 33 0 34 36#37 0 38 39 40#41 42 0 43#46 44 45 0 48 47#0 49#@-1.000000@
2 1 0 3 4 5#6 0 8 7 9#13 11 10 0 12 14#15 0 16#17 18 20 0 19#22 23 21 24 25 0 26#29 28 27 31 0 30#32 33 34 0 35 36#37 0 38 39 40#41 42 0 43#46 44 45 0 48 47#0 49#@-1.000000@
2 1 0 3 4 5#0 6 9 7 8#12 0 10 11 13 14#16 15 0#17 18 20 0 19#22 23 21 24 25 0 26#29 28 27 31 0 30#34 0 33 32 35 36#37 0 38 39 40#41 42 0 43#46 44 48 45 0 47#0 49#@-1.000000@
1 0 2 3 4 5#0 6 9 7 8#0 10 11 13 14 12#16 0 15#17 18 20 0 19#22 23 21 24 25 0 26#29 28 27 31 0 30#35 32 33 0 34 36#37 0 38 39 40#43 41 42 0#46 44 45 0 48 47#0 49#@-1.000000@
2 1 0 3 4 5#8 0 6 9 7#12 0 10 11 13 14#15 0 16#17 18 20 0 19#22 23 21 24 25 0 26#29 28 27 31 0 30#35 32 33 0 34 36#37 0 38 39 40#41 42 0 43#46 44 45 0 48 47#0 49#@-1.000000@
2 1 0 3 4 5#7 8 0 6 9#12 0 10 11 13 14#16 15 0#17 18 20 0 19#22 23 21 24 25 0 26#29 28 27 31 0 30#34 0 33 32 35 36#37 0 38 39 40#43 41 42 0#46 44 48 45 0 47#0 49#@-1.000000@
2 1 0 3 4 5#0 6 9 7 8#12 0 10 11 13 14#16 0 15#17 18 20 0 19#22 23 21 24 25 0 26#29 28 27 31 0 30#32 33 34 0 35 36#37 0 38 39 40#41 42 0 43#46 44 45 0 48 47#0 49#@-1.000000@
2 1 0 3 4 5#6 9 7 8 0#12 0 10 11 13 14#16 0 15#17 18 20 0 19#22 23 21 24 25 0 26#29 28 27 31 0 30#35 32 33 0 34 36#37 0 38 39 40#42 41 43 0#46 44 48 45 0 47#0 49#@-1.000000@
1 0 2 3 4 5#6 9 7 8 0#12 0 10 11 13 14#15 0 16#17 18 20 0 19#22 23 21 24 25 0 26#29 28 27 31 30 0#34 0 33 32 35 36#37 0 38 39 40#41 42 0 43#46 44 45 0 48 47#0 49#@-1.000000@
3 2 5 1 0 4#7 8 0 6 9#11 10 0 12 14 13#16 0 15#17 18 20 0 19#22 23 21 24 25 0 26#29 28 27 31 30 0#34 0 33 32 35 36#37 0 38 39 40#41 42 0 43#46 44 45 0 48 47#0 49#@-1.000000@
2 1 0 3 4 5#0 6 9 7 8#0 10 11 13 14 12#0 15 16#17 18 20 0 19#22 0 23 21 24 25 26#29 28 27 31 0 30#35 32 33 0 34 36#37 0 38 39 40#42 41 43 0#46 44 48 45 0 47#0 49#@-1.000000@
1 0 2 3 4 5#0 6 9 7 8#13 11 10 0 12 14#0 15 16#17 18 20 0 19#22 0 23 21 24 25 26#29 28 27 31 0 30#34 0 33 32 35 36#37 0 38 39 40#43 41 42 0#46 44 48 45 0 47#0 49#@-1.000000@
1 2 3 0 4 5#0 6 9 7 8#0 10 11 13 14 12#16 15 0#17 18 20 0 19#22 23 21 24 25 0 26#29 28 27 31 0 30#35 32 33 0 34 36#37 0 38 39 40#41 42 0 43#46 44 48 45 0 47#0 49#@-1.000000@
1 0 2 3 4 5#0 6 9 7 8#0 10 11 13 14 12#16 15 0#17 18 20 0 19#22 23 21 24 25 0 26#29 28 27 31 0 30#32 33 34 0 35 36#37 0 38 39 40#43 41 42 0#46 44 45 0 48 47#0 49#@-1.000000@
2 1 0 3 4 5#0 6 9 7 8#0 10 11 13 14 12#15 16 0#17 18 20 0 19#22 0 23 21 24 25 26#29 28 27 31 0 30#34 0 33 32 35 36#37 0 38 39 40#43 41 42 0#46 44 45 0 48 47#0 49#@-1.000000@
2 1 0 3 4 5#8 0 6 9 7#12 0 10 11 13 14#15 0 16#17 18 20 0 19#22 23 21 24 25 0 26#29 28 27 31 0 30#34 0 33 32 35 36#37 0 38 39 40#43 41 42 0#46 44 48 45 0 47#0 49#@-1.000000@
2 1 0 3 4 5#7 8 0 6 9#13 11 10 0 12 14#16 0 15#17 18 20 0 19#22 23 21 24 25 0 26#29 28 27 31 0 30#35 32 33 0 34 36#37 0 38 39 40#43 41 42 0#46 44 45 0 48 47#0 49#@-1.000000@
1 0 2 3 4 5#6 9 7 8 0#0 10 11 13 14 12#16 0 15#17 18 20 0 19#22 23 21 24 25 0 26#29 28 27 31 0 30#34 0 33 32 35 36#37 0 38 39 40#42 41 43 0#46 44 45 0 48 47#0 49#@-1.000000@
3 2 5 1 0 4#0 6 9 7 8#12 0 10 11 13 14#0 15 16#17 18 20 0 19#22 23 21 24 25 0 26#29 28 27 31 0 30#35 32 33 0 34 36#37 0 38 39 40#42 41 43 0#46 44 45 0 48 47#0 49#@160702.260907@
2 1 0 3 4 5#0 6 9 7 8#12 0 10 11 13 14#15 0 16#17 18 20 0 19#22 23 21 24 25 0 26#29 28 27 31 0 30#32 33 34 0 35 36#37 0 38 39 40#42 41 43 0#46 44 45 0 48 47#0 49#@-1.000000@
1 0 2 3 4 5#6 9 7 8 0#0 10 11 13 14 12#0 15 16#17 18 20 0 19#22 23 21 24 25 0 26#29 28 27 31 0 30#35 32 33 0 34 36#37 0 38 39 40#42 41 43 0#46 44 45 0 48 47#0 49#@-1.000000@
2 3 1 0 4 5#6 0 8 7 9#13 11 10 0 12 14#16 15 0#17 18 20 0 19#22 23 21 24 25 0 26#29 28 27 31 0 30#34 0 33 32 35 36#37 0 38 39 40#43 41 42 0#46 44 45 0 48 47#0 49#@-1.000000@
2 1 0 3 4 5#6 9 7 8 0#0 10 11 13 14 12#15 16 0#17 18 20 0 19#22 0 23 21 24 25 26#29 28 27 31 0 30#35 32 33 0 34 36#37 0 38 39 40#42 41 43 0#46 44 45 0 48 47#0 49#@-1.000000@
5 2 3 4 0 1#7 8 0 6 9#13 11 10 0 12 14#16 15 0#17 18 20 0 19#22 23 21 24 25 0 26#29 28 27 31 0 30#32 33 34 0 35 36#37 0 38 39 40#41 42 0 43#46 44 48 45 0 47#0 49#@-1.000000@
2 1 0 3 4 5#9 6 0 8 7#11 10 0 12 14 13#0 15 16#17 18 20 0 19#22 23 21 24 25 0 26#29 28 27 31 0 30#32 33 34 0 35 36#37 0 38 39 40#41 42 0 43#46 44 45 0 48 47#0 49#@-1.000000@
1 0 2 3 4 5#0 6 9 7 8#0 10 11 13 14 12#16 0 15#17 18 20 0 19#22 0 23 21 24 25 26#29 28 27 31 0 30#35 32 33 0 34 36#37 0 38 39 40#42 41 43 0#46 44 48 45 0 47#0 49#@-1.000000@
3 2 5 1 0 4#6 0 8 7 9#11 10 0 12 14 13#16 0 15#17 18 20 0 19#22 23 21 24 25 0 26#29 28 27 31 0 30#32 33 34 0 35 36#37 0 38 39 40#41 42 0 43#46 44 45 0 48 47#0 49#@-1.000000@
1 0 2 3 4 5#7 8 0 6 9#0 10 11 13 14 12#15 0 16#17 18 20 0 19#22 23 21 24 25 0 26#29 28 27 31 0 30#34 0 33 32 35 36#37 0 38 39 40#41 42 0 43#46 44 48 45 0 47#0 49#@-1.000000@
3 2 5 1 0 4#7 8 0 6 9#13 11 10 0 12 14#0 15 16#17 18 20 0 19#22 23 21 24 25 0 26#29 28 27 31 0 30#32 33 34 0 35 36#37 0 38 39 40#41 42 0 43#46 44 45 0 48 47#0 49#@-1.000000@
1 0 2 3 4 5#0 6 9 7 8#0 10 11 13 14 12#16 15 0#17 18 20 0 19#22 23 21 24 25 0 26#29 28 27 31 0 30#32 33 34 0 35 36#37 0 38 39 40#41 42 0 43#46 44 48 45 0 47#0 49#@-1.000000@
2 1 0 3 4 5#9 6 0 8 7#11 10 0 12 14 13#16 0 15#17 18 20 0 19#22 23 21 24 25 0 26#29 28 27 31 0 30#32 33 34 0 35 36#37 0 38 39 40#42 41 43 0#46 44 45 0 48 47#0 49#@-1.000000@
1 0 2 3 4 5#7 8 0 6 9#11 10 0 12 14 13#15 16 0#17 18 20 0 19#22 23 21 24 25 0 26#29 28 27 31 0 30#32 33 34 0 35 36#37 0 38 39 40#43 41 42 0#46 44 48 45 0 47#0 49#@-1.000000@
1 0 2 3 4 5#0 6 9 7 8#13 11 10 0 12 14#15 0 16#17 18 20 0 19#22 0 23 21 24 25 26#29 28 27 31 0 30#34 0 33 32 35 36#37 0 38 39 40#41 42 0 43#46 44 48 45 0 47#0 49#@-1.000000@
2 1 0 3 4 5#6 9 7 8 0#11 10 0 12 14 13#16 0 15#17 18 20 0 19#22 23 21 24 25 0 26#29 28 27 31 0 30#34 0 33 32 35 36#37 0 38 39 40#41 42 0 43#46 44 45 0 48 47#0 49#@-1.000000@
2 1 0 3 4 5#7 8 0 6 9#11 10 0 12 14 13#15 16 0#17 18 20 0 19#22 0 23 21 24 25 26#29 28 27 31 0 30#34 0 33 32 35 36#37 0 38 39 40#43 41 42 0#46 44 45 0 48 47#0 49#@-1.000000@
2 1 0 3 4 5#0 6 9 7 8#13 11 10 0 12 14#0 15 16#17 18 20 0 19#22 23 21 24 25 0 26#29 28 27 31 0 30#35 32 33 0 34 36#37 0 38 39 40#41 42 0 43#46 44 45 0 48 47#0 49#@-1.000000@
1 0 2 3 4 5#9 6 0 8 7#11 10 0 12 14 13#0 15 16#17 18 20 0 19#22 23 21 24 25 0 26#29 28 27 31 0 30#32 33 34 0 35 36#37 0 38 39 40#41 42 0 43#46 44 45 0 48 47#0 49#@-1.000000@
3 2 5 1 0 4#7 8 0 6 9#0 10 11 13 14 12#16 15 0#17 18 20 0 19#22 23 21 24 25 0 26#29 28 27 31 0 30#34 0 33 32 35 36#37 0 38 39 40#41 42 0 43#46 44 45 0 48 47#0 49#@-1.000000@
3 0 1 2 5 4#7 8 0 6 9#0 10 11 13 14 12#15 16 0#17 18 20 0 19#22 23 21 24 25 0 26#29 28 27 31 0 30#35 32 33 0 34 36#37 0 38 39 40#43 41 42 0#46 44 48 45 0 47#0 49#@-1.000000@
2 1 0 3 4 5#8 0 6 9 7#0 10 11 13 14 12#0 15 16#17 18 20 0 19#22 0 23 21 24 25 26#29 28 27 31 0 30#35 32 33 0 34 36#37 0 38 39 40#43 41 42 0#46 44 48 45 0 47#0 49#@-1.000000@
2 1 0 3 4 5#0 6 9 7 8#11 10 0 12 14 13#16 15 0#17 18 20 0 19#22 23 21 24 25 0 26#29 28 27 31 0 30#35 32 33 0 34 36#37 0 38 39 40#43 41 42 0#46 44 48 45 0 47#0 49#@-1.000000@
2 1 0 3 4 5#8 0 6 9 7#13 11 10 0 12 14#16 0 15#17 18 20 0 19#22 23 21 24 25 0 26#29 28 27 31 0 30#32 33 34 0 35 36#37 0 38 39 40#41 42 0 43#46 44 45 0 48 47#0 49#@-1.000000@
1 0 2 3 4 5#8 0 6 9 7#0 10 11 13 14 12#0 15 16#17 18 20 0 19#22 23 21 24 25 0 26#29 28 27 31 0 30#35 32 33 0 34 36#37 0 38 39 40#41 42 0 43#46 44 45 0 48 47#0 49#@-1.000000@
1 0 2 3 4 5#8 0 6 9 7#11 10 0 12 14 13#16 0 15#17 18 20 0 19#22 23 21 24 25 0 26#29 28 27 31 0 30#32 33 34 0 35 36#37 0 38 39 40#41 42 0 43#46 44 48 45 0 47#0 49#@-1.000000@
1 0 2 3 4 5#0 6 9 7 8#0 10 11 13 14 12#0 15 16#17 18 20 0 19#22 23 21 24 25 0 26#29 28 27 31 0 30#32 33 34 0 35 36#37 0 38 39 40#41 42 0 43#46 44 48 45 0 47#0 49#@-1.000000@
2 1 0 3 4 5#0 6 9 7 8#11 10 0 12 14 13#16 15 0#17 18 20 0 19#22 23 21 24 25 0 26#29 28 27 31 0 30#32 33 34 0 35 36#37 0 38 39 40#43 41 42 0#46 44 45 0 48 47#0 49#@-1.000000@
2 1 0 3 4 5#0 6 9 7 8#0 10 11 13 14 12#15 0 16#17 18 20 0 19#22 0 23 21 24 25 26#29 28 27 31 0 30#34 0 33 32 35 36#37 0 38 39 40#41 42 0 43#46 44 45 0 48 47#0 49#@-1.000000@
1 0 2 3 4 5#6 0 8 7 9#12 0 10 11 13 14#15 16 0#17 18 20 0 19#22 23 21 24 25 0 26#29 28 27 31 0 30#32 33 34 0 35 36#37 0 38 39 40#41 42 0 43#46 44 45 0 48 47#0 49#@-1.000000@
1 0 2 3 4 5#6 0 8 7 9#10 11 13 14 12 0#15 16 0#17 18 20 0 19#22 23 21 24 25 0 26#29 28 27 31 0 30#34 0 33 32 35 36#37 0 38 39 40#43 41 42 0#46 44 45 0 48 47#0 49#@-1.000000@
1 2 3 0 4 5#8 0 6 9 7#11 10 0 12 14 13#16 0 15#17 18 20 0 19#22 23 21 24 25 0 26#29 28 27 31 0 30#35 32 33 0 34 36#37 0 38 39 40#41 42 0 43#46 44 45 0 48 47#0 49#@-1.000000@
1 0 2 3 4 5#0 6 9 7 8#12 0 10 11 13 14#16 0 15#17 18 20 0 19#22 23 21 24 25 0 26#29 28 27 31 0 30#35 32 33 0 34 36#37 0 38 39 40#43 41 42 0#46 44 45 0 48 47#0 49#@-1.000000@
2 1 0 3 4 5#0 6 9 7 8#12 0 10 11 13 14#15 0 16#17 18 20 0 19#22 23 21 24 25 0 26#28 27 29 31 0 30#32 33 34 0 35 36#37 0 38 39 40#42 41 43 0#46 44 45 0 48 47#0 49#@-1.000000@
1 0 2 3 4 5#8 0 6 9 7#11 10 0 12 14 13#16 15 0#17 18 20 0 19#22 23 21 24 25 0 26#29 28 27 31 30 0#34 0 33 32 35 36#37 0 38 39 40#43 41 42 0#46 44 48 45 0 47#0 49#@-1.000000@
2 1 0 3 4 5#0 6 9 7 8#0 10 11 13 14 12#16 0 15#17 18 20 0 19#22 23 21 24 25 0 26#29 28 27 31 0 30#34 0 33 32 35 36#37 0 38 39 40#42 41 43 0#46 44 48 45 0 47#0 49#@-1.000000@
2 1 0 3 4 5#9 6 0 8 7#0 10 11 13 14 12#16 15 0#17 18 20 0 19#22 23 21 24 25 0 26#29 28 27 31 0 30#35 32 33 0 34 36#37 0 38 39 40#41 42 0 43#46 44 45 0 48 47#0 49#@-1.000000@
1 0 2 3 4 5#0 6 9 7 8#0 10 11 13 14 12#16 0 15#17 18 20 0 19#22 23 21 24 25 0 26#29 28 27 31 0 30#32 33 34 0 35 36#37 0 38 39 40#41 42 0 43#46 44 45 0 48 47#0 49#@-1.000000@
1 0 2 3 4 5#0 6 9 7 8#12 0 10 11 13 14#16 0 15#17 18 20 0 19#22 23 21 24 25 0 26#29 28 27 31 0 30#34 0 33 32 35 36#37 0 38 39 40#41 42 0 43#46 44 45 0 48 47#0 49#@-1.000000@
1 0 2 3 4 5#6 9 7 8 0#13 11 10 0 12 14#16 0 15#17 18 20 0 19#22 0 23 21 24 25 26#29 28 27 31 30 0#34 0 33 32 35 36#37 0 38 39 40#41 42 0 43#46 44 45 0 48 47#0 49#@-1.000000@
2 1 0 3 4 5#9 6 0 8 7#13 11 10 0 12 14#16 0 15#17 18 20 0 19#22 23 21 24 25 0 26#29 28 27 31 0 30#35 32 33 0 34 36#37 0 38 39 40#41 42 0 43#46 44 48 45 0 47#0 49#@-1.000000@
1 0 2 3 4 5#7 8 0 6 9#0 10 11 13 14 12#15 0 16#17 18 20 0 19#22 23 21 24 25 0 26#29 28 27 31 0 30#34 0 33 32 35 36#37 0 38 39 40#42 41 43 0#46 44 48 45 0 47#0 49#@-1.000000@
2 1 0 3 4 5#0 6 9 7 8#13 11 10 0 12 14#15 16 0#17 18 20 0 19#22 0 23 21 24 25 26#29 28 27 31 0 30#34 0 33 32 35 36#37 0 38 39 40#42 41 43 0#46 44 45 0 48 47#0 49#@-1.000000@
1 0 2 3 4 5#0 6 9 7 8#0 10 11 13 14 12#16 15 0#17 18 20 0 19#22 0 23 21 24 25 26#29 28 27 31 0 30#34 0 33 32 35 36#37 0 38 39 40#41 42 0 43#46 44 45 0 48 47#0 49#@-1.000000@
2 1 0 3 4 5#6 9 7 8 0#0 10 11 13 14 12#16 15 0#17 18 20 0 19#22 23 21 24 25 0 26#29 28 27 31 0 30#34 0 33 32 35 36#37 0 38 39 40#42 41 43 0#46 44 48 45 0 47#0 49#@-1.000000@
2 1 0 3 4 5#6 9 7 8 0#0 10 11 13 14 12#0 15 16#17 18 20 0 19#22 0 23 21 24 25 26#29 28 27 31 0 30#32 33 34 0 35 36#37 0 38 39 40#43 41 42 0#46 44 48 45 0 47#0 49#@-1.000000@
5 1 2 3 4 0#0 6 9 7 8#0 10 11 13 14 12#15 0 16#17 18 20 0 19#22 0 23 21 24 25 26#29 28 27 31 0 30#35 32 33 0 34 36#37 0 38 39 40#41 42 0 43#46 44 48 45 0 47#0 49#@-1.000000@
2 1 0 3 4 5#7 8 0 6 9#0 10 11 13 14 12#15 16 0#17 18 20 0 19#22 23 21 24 25 0 26#29 28 27 31 0 30#35 32 33 0 34 36#37 0 38 39 40#41 42 0 43#46 44 48 45 0 47#0 49#@-1.000000@
2 1 0 3 4 5#6 0 8 7 9#0 10 11 13 14 12#16 15 0#17 18 20 0 19#22 23 21 24 25 0 26#27 28 31 0 30 29#34 0 33 32 35 36#37 0 38 39 40#41 42 0 43#46 44 45 0 48 47#0 49#@160560.583313@
2 1 0 3 4 5#8 0 6 9 7#12 0 10 11 13 14#15 0 16#17 18 20 0 19#22 0 23 21 24 25 26#29 28 27 31 30 0#32 33 34 0 35 36#37 0 38 39 40#41 42 0 43#46 44 48 45 0 47#0 49#@-1.000000@
1 0 2 3 4 5#6 9 7 8 0#11 10 0 12 14 13#15 16 0#17 18 20 0 19#22 23 21 24 25 0 26#29 28 27 31 0 30#35 32 33 0 34 36#37 0 38 39 40#42 41 43 0#46 44 48 45 0 47#0 49#@-1.000000@
1 0 2 3 4 5#0 6 9 7 8#12 0 10 11 13 14#16 15 0#17 18 20 0 19#22 23 21 24 25 0 26#29 28 27 31 0 30#34 0 33 32 35 36#37 0 38 39 40#42 41 43 0#46 44 48 45 0 47#0 49#@-1.000000@
5 1 2 3 4 0#0 6 9 7 8#0 10 11 13 14 12#16 0 15#17 18 20 0 19#22 23 21 24 25 0 26#29 28 27 31 0 30#34 0 33 32 35 36#37 0 38 39 40#41 42 0 43#46 44 45 0 48 47#0 49#@-1.000000@
3 2 5 1 0 4#0 6 9 7 8#13 11 10 0 12 14#15 0 16#17 18 20 0 19#22 0 23 21 24 25 26#29 28 27 31 0 30#35 32 33 0 34 36#37 0 38 39 40#43 41 42 0#46 44 48 45 0 47#0 49#@-1.000000@
1 0 2 3 4 5#0 6 9 7 8#12 0 10 11 13 14#15 0 16#17 18 20 0 19#22 23 21 24 25 0 26#29 28 27 31 0 30#32 33 34 0 35 36#37 0 38 39 40#41 42 0 43#46 44 45 0 48 47#0 49#@-1.000000@
2 1 0 3 4 5#0 6 9 7 8#12 0 10 11 13 14#15 16 0#17 18 20 0 19#22 0 23 21 24 25 26#29 28 27 31 0 30#34 0 33 32 35 36#37 0 38 39 40#42 41 43 0#46 44 48 45 0 47#0 49#@-1.000000@
2 1 0 3 4 5#0 6 9 7 8#11 10 0 12 14 13#16 0 15#17 18 20 0 19#22 0 23 21 24 25 26#29 28 27 31 30 0#32 33 34 0 35 36#37 0 38 39 40#43 41 42 0#46 44 48 45 0 47#0 49#@-1.000000@
2 1 0 3 4 5#9 6 0 8 7#12 0 10 11 13 14#16 0 15#17 18 20 0 19#22 0 23 21 24 25 26#29 28 27 31 0 30#34 0 33 32 35 36#37 0 38 39 40#43 41 42 0#46 44 48 45 0 47#0 49#@-1.000000@
1 0 2 3 4 5#8 0 6 9 7#0 10 11 13 14 12#16 0 15#17 18 20 0 19#22 23 21 24 25 0 26#29 28 27 31 0 30#34 0 33 32 35 36#37 0 38 39 40#43 41 42 0#46 44 45 0 48 47#0 49#@-1.000000@
2 1 0 3 4 5#0 6 9 7 8#0 10 11 13 14 12#16 15 0#17 18 20 0 19#22 23 21 24 25 0 26#29 28 27 31 0 30#35 32 33 0 34 36#37 0 38 39 40#41 42 0 43#46 44 45 0 48 47#0 49#@-1.000000@
2 1 0 3 4 5#9 6 0 8 7#12 0 10 11 13 14#15 0 16#17 18 20 0 19#22 23 21 24 25 0 26#29 28 27 31 0 30#34 0 33 32 35 36#37 0 38 39 40#42 41 43 0#46 44 45 0 48 47#0 49#@-1.000000@
2 1 0 3 4 5#6 0 8 7 9#13 11 10 0 12 14#16 0 15#17 18 20 0 19#22 23 21 24 25 0 26#29 28 27 31 0 30#35 32 33 0 34 36#37 0 38 39 40#43 41 42 0#46 44 45 0 48 47#0 49#@-1.000000@
1 2 3 0 4 5#0 6 9 7 8#0 10 11 13 14 12#15 0 16#17 18 20 0 19#22 23 21 24 25 0 26#29 28 27 31 0 30#34 0 33 32 35 36#37 0 38 39 40#41 42 0 43#46 44 48 45 0 47#0 49#@-1.000000@
2 1 0 3 4 5#0 6 9 7 8#13 11 10 0 12 14#15 0 16#17 18 20 0 19#22 0 23 21 24 25 26#29 28 27 31 0 30#32 33 34 0 35 36#37 0 38 39 40#43 41 42 0#46 44 45 0 48 47#0 49#@-1.000000@
2 1 0 3 4 5#9 6 0 8 7#13 11 10 0 12 14#15 0 16#17 18 20 0 19#22 23 21 24 25 0 26#29 28 27 31 0 30#34 0 33 32 35 36#37 0 38 39 40#42 41 43 0#46 44 48 45 0 47#0 49#@-1.000000@
1 0 2 3 4 5#0 6 9 7 8#11 10 0 12 14 13#16 0 15#17 18 20 0 19#22 23 21 24 25 0 26#29 28 27 31 0 30#35 32 33 0 34 36#37 0 38 39 40#41 42 0 43#46 44 45 0 48 47#0 49#@-1.000000@
2 1 0 3 4 5#6 9 7 8 0#0 10 11 13 14 12#0 15 16#17 18 20 0 19#22 23 21 24 25 0 26#29 28 27 31 30 0#32 33 34 0 35 36#37 0 38 39 40#42 41 43 0#46 44 48 45 0 47#0 49#@-1.000000@
1 0 2 3 4 5#9 6 0 8 7#0 10 11 13 14 12#15 0 16#17 18 20 0 19#22 23 21 24 25 0 26#29 28 27 31 0 30#34 0 33 32 35 36#37 0 38 39 40#41 42 0 43#46 44 48 45 0 47#0 49#@-1.000000@
2 1 0 3 4 5#0 6 9 7 8#12 0 10 11 13 14#15 16 0#17 18 20 0 19#22 23 21 24 25 0 26#29 28 27 31 0 30#32 33 34 0 35 36#37 0 38 39 40#41 42 0 43#46 44 48 45 0 47#0 49#@-1.000000@
2 1 0 3 4 5#6 0 8 7 9#12 0 10 11 13 14#16 15 0#17 18 20 0 19#22 23 21 24 25 0 26#29 28 27 31 0 30#34 0 33 32 35 36#37 0 38 39 40#41 42 0 43#46 44 45 0 48 47#0 49#@-1.000000@
1 0 2 3 4 5#8 0 6 9 7#11 10 0 12 14 13#16 15 0#17 18 20 0 19#22 0 23 21 24 25 26#29 28 27 31 0 30#34 0 33 32 35 36#37 0 38 39 40#41 42 0 43#46 44 48 45 0 47#0 49#@-1.000000@
2 1 0 3 4 5#6 9 7 8 0#11 10 0 12 14 13#15 0 16#17 18 20 0 19#22 23 21 24 25 0 26#29 28 27 31 0 30#34 0 33 32 35 36#37 0 38 39 40#41 42 0 43#46 44 45 0 48 47#0 49#@-1.000000@
2 3 1 0 4 5#6 0 8 7 9#13 11 10 0 12 14#15 0 16#17 18 20 0 19#22 23 21 24 25 0 26#29 28 27 31 0 30#35 32 33 0 34 36#37 0 38 39 40#43 41 42 0#46 44 45 0 48 47#0 49#@-1.000000@
2 1 0 3 4 5#0 6 9 7 8#0 10 11 13 14 12#15 16 0#17 18 20 0 19#22 23 21 24 25 0 26#29 28 27 31 0 30#34 0 33 32 35 36#37 0 38 39 40#41 42 0 43#46 44 45 0 48 47#0 49#@-1.000000@
2 1 0 3 4 5#7 8 0 6 9#12 0 10 11 13 14#15 16 0#17 18 20 0 19#22 0 23 21 24 25 26#29 28 27 31 0 30#34 0 33 32 35 36#37 0 38 39 40#43 41 42 0#46 44 48 45 0 47#0 49#@-1.000000@
2 1 0 3 4 5#6 0 8 7 9#0 10 11 13 14 12#15 16 0#17 18 20 0 19#22 23 21 24 25 0 26#29 28 27 31 0 30#32 33 34 0 35 36#37 0 38 39 40#43 41 42 0#46 44 45 0 48 47#0 49#@-1.000000@
1 0 2 3 4 5#0 6 9 7 8#0 10 11 13 14 12#16 0 15#17 18 20 0 19#22 0 23 21 24 25 26#29 28 27 31 0 30#35 32 33 0 34 36#37 0 38 39 40#42 41 43 0#46 44 48 45 0 47#0 49#@-1.000000@
2 1 0 3 4 5#6 9 7 8 0#12 0 10 11 13 14#15 0 16#17 18 20 0 19#22 23 21 24 25 0 26#29 28 27 31 0 30#32 33 34 0 35 36#37 0 38 39 40#41 42 0 43#46 44 45 0 48 47#0 49#@-1.000000@
1 0 2 3 4 5#0 6 9 7 8#12 0 10 11 13 14#16 15 0#17 18 20 0 19#22 0 23 21 24 25 26#29 28 27 31 0 30#35 32 33 0 34 36#37 0 38 39 40#41 42 0 43#46 44 48 45 0 47#0 49#@-1.000000@
1 0 2 3 4 5#9 6 0 8 7#0 10 11 13 14 12#15 0 16#17 18 20 0 19#22 0 23 21 24 25 26#29 28 27 31 0 30#32 33 34 0 35 36#37 0 38 39 40#43 41 42 0#46 44 45 0 48 47#0 49#@-1.000000@
1 0 2 3 4 5#0 6 9 7 8#0 10 11 13 14 12#15 0 16#17 18 20 0 19#22 23 21 24 25 0 26#29 28 27 31 0 30#32 33 34 0 35 36#37 0 38 39 40#43 41 42 0#46 44 45 0 48 47#0 49#@-1.000000@
2 1 0 3 4 5#0 6 9 7 8#13 11 10 0 12 14#15 0 16#17 18 20 0 19#22 23 21 24 25 0 26#29 28 27 31 0 30#35 32 33 0 34 36#37 0 38 39 40#43 41 42 0#46 44 45 0 48 47#0 49#@-1.000000@
1 0 2 3 4 5#9 6 0 8 7#11 10 0 12 14 13#15 0 16#17 18 20 0 19#22 23 21 24 25 0 26#29 28 27 31 0 30#35 32 33 0 34 36#37 0 38 39 40#42 41 43 0#46 44 45 0 48 47#0 49#@-1.000000@
3 2 5 1 0 4#0 6 9 7 8#12 10 11 13 14 0#15 0 16#17 18 20 0 19#22 23 21 24 25 0 26#29 28 27 31 0 30#34 0 33 32 35 36#37 0 38 39 40#41 42 0 43#46 44 48 45 0 47#0 49#@-1.000000@
1 0 2 3 4 5#0 6 9 7 8#0 10 11 13 14 12#16 15 0#17 18 20 0 19#22 23 21 24 25 0 26#29 28 27 31 0 30#34 0 33 32 35 36#37 0 38 39 40#41 42 0 43#46 44 45 0 48 47#0 49#@-1.000000@
3 2 5 1 0 4#7 8 0 6 9#12 0 10 11 13 14#15 16 0#17 18 20 0 19#22 23 21 24 25 0 26#29 28 27 31 0 30#35 32 33 0 34 36#37 0 38 39 40#42 41 43 0#46 44 45 0 48 47#0 49#@-1.000000@
1 0 2 3 4 5#9 6 0 8 7#10 11 13 14 12 0#15 0 16#17 18 20 0 19#22 23 21 24 25 0 26#29 28 27 31 0 30#35 32 33 0 34 36#37 0 38 39 40#41 42 0 43#46 44 45 0 48 47#0 49#@-1.000000@
1 0 2 3 4 5#0 6 9 7 8#0 10 11 13 14 12#16 0 15#17 18 20 0 19#22 23 21 24 25 0 26#29 28 27 31 0 30#34 0 33 32 35 36#37 0 38 39 40#42 41 43 0#46 44 48 45 0 47#0 49#@-1.000000@
2 1 0 3 4 5#6 0 8 7 9#11 10 0 12 14 13#16 15 0#17 18 20 0 19#22 23 21 24 25 0 26#29 28 27 31 0 30#32 33 34 0 35 36#37 0 38 39 40#43 41 42 0#46 44 45 0 48 47#0 49#@-1.000000@
1 0 2 3 4 5#8 6 9 7 0#0 10 11 13 14 12#16 0 15#17 18 20 0 19#22 0 23 21 24 25 26#29 28 27 31 0 30#35 32 33 0 34 36#37 0 38 39 40#41 42 0 43#46 44 45 0 48 47#0 49#@-1.000000@
1 0 2 3 4 5#6 9 7 8 0#0 10 11 13 14 12#15 16 0#17 18 20 0 19#22 0 23 21 24 25 26#29 28 27 31 0 30#35 32 33 0 34 36#37 0 38 39 40#42 41 43 0#46 44 48 45 0 47#0 49#@-1.000000@
1 0 2 3 4 5#0 6 9 7 8#11 10 0 12 14 13#15 0 16#17 18 20 0 19#22 23 21 24 25 0 26#29 28 27 31 0 30#32 33 34 0 35 36#37 0 38 39 40#42 41 43 0#46 44 45 0 48 47#0 49#@-1.000000@
2 3 1 0 4 5#6 0 8 7 9#11 10 0 12 14 13#0 15 16#17 18 20 0 19#22 0 23 21 24 25 26#29 28 27 31 0 30#35 32 33 0 34 36#37 0 38 39 40#42 41 43 0#46 44 48 45 0 47#0 49#@-1.000000@
2 1 0 3 4 5#6 9 7 8 0#12 0 10 11 13 14#16 15 0#17 18 20 0 19#22 0 23 21 24 25 26#29 28 27 31 0 30#35 32 33 0 34 36#37 0 38 39 40#41 42 0 43#46 44 48 45 0 47#0 49#@-1.000000@
2 1 0 3 4 5#8 0 6 9 7#12 0 10 11 13 14#16 15 0#17 18 20 0 19#22 0 23 21 24 25 26#29 28 27 31 0 30#35 32 33 0 34 36#37 0 38 39 40#43 41 42 0#46 44 45 0 48 47#0 49#@-1.000000@
1 0 2 3 4 5#8 0 6 9 7#0 10 11 13 14 12#15 0 16#17 18 20 0 19#22 23 21 24 25 0 26#29 28 27 31 30 0#34 0 33 32 35 36#37 0 38 39 40#41 42 0 43#46 44 45 0 48 47#0 49#@-1.000000@
1 0 2 3 4 5#0 6 9 7 8#12 0 10 11 13 14#15 16 0#17 18 20 0 19#22 23 21 24 25 0 26#29 28 27 31 0 30#32 33 34 0 35 36#37 0 38 39 40#41 42 0 43#46 44 48 45 0 47#0 49#@-1.000000@
2 1 0 3 4 5#6 9 7 8 0#0 10 11 13 14 12#15 0 16#17 18 20 0 19#22 23 21 24 25 0 26#29 28 27 31 0 30#35 32 33 0 34 36#37 0 38 39 40#41 42 0 43#46 44 45 0 48 47#0 49#@-1.000000@
2 1 0 3 4 5#6 9 7 8 0#0 10 11 13 14 12#15 0 16#17 18 20 0 19#22 23 21 24 25 0 26#29 28 27 31 0 30#32 33 34 0 35 36#37 0 38 39 40#42 41 43 0#46 44 48 45 0 47#0 49#@-1.000000@
1 0 2 3 4 5#7 8 0 6 9#13 11 10 0 12 14#15 0 16#17 18 20 0 19#22 23 21 24 25 0 26#29 28 27 31 0 30#34 0 33 32 35 36#37 0 38 39 40#42 41 43 0#46 44 48 45 0 47#0 49#@-1.000000@
3 2 5 1 0 4#8 0 6 9 7#0 10 11 13 14 12#16 15 0#17 18 20 0 19#22 23 21 24 25 0 26#29 28 27 31 0 30#35 32 33 0 34 36#37 0 38 39 40#41 42 0 43#46 44 45 0 48 47#0 49#@-1.000000@
1 0 2 3 4 5#8 0 6 9 7#0 10 11 13 14 12#16 0 15#17 18 20 0 19#22 0 23 21 24 25 26#29 28 27 31 0 30#32 33 34 0 35 36#37 0 38 39 40#43 41 42 0#46 44 48 45 0 47#0 49#@-1.000000@
2 1 0 3 4 5#0 6 9 7 8#0 10 11 13 14 12#15 0 16#17 18 20 0 19#22 23 21 24 25 0 26#29 28 27 31 0 30#35 32 33 0 34 36#37 0 38 39 40#42 41 43 0#46 44 45 0 48 47#0 49#@-1.000000@
1 0 2 3 4 5#0 6 9 7 8#0 10 11 13 14 12#16 15 0#17 18 20 0 19#22 23 21 24 25 0 26#29 28 27 31 0 30#34 0 33 32 35 36#37 0 38 39 40#41 42 0 43#46 44 48 45 0 47#0 49#@-1.000000@
2 1 0 3 4 5#9 6 0 8 7#0 10 11 13 14 12#16 15 0#17 18 20 0 19#22 23 21 24 25 0 26#29 28 27 31 0 30#35 32 33 0 34 36#37 0 38 39 40#41 42 0 43#46 44 45 0 48 47#0 49#@-1.000000@
3 2 5 1 0 4#8 6 9 7 0#12 0 10 11 13 14#16 15 0#17 18 20 0 19#22 0 23 21 24 25 26#29 28 27 31 0 30#32 33 34 0 35 36#37 0 38 39 40#41 42 0 43#46 44 45 0 48 47#0 49#@-1.000000@
2 1 0 3 4 5#7 8 0 6 9#11 10 0 12 14 13#16 15 0#17 18 20 0 19#22 23 21 24 25 0 26#29 28 27 31 0 30#32 33 34 0 35 36#37 0 38 39 40#42 41 43 0#46 44 48 45 0 47#0 49#@-1.000000@
3 0 1 2 5 4#6 0 8 7 9#13 11 10 0 12 14#0 15 16#17 18 20 0 19#22 0 23 21 24 25 26#29 28 27 31 0 30#35 32 33 0 34 36#37 0 38 39 40#43 41 42 0#46 44 45 0 48 47#0 49#@-1.000000@
1 0 2 3 4 5#0 6 9 7 8#12 0 10 11 13 14#16 0 15#17 18 20 0 19#22 23 21 24 25 0 26#29 28 27 31 0 30#35 32 33 0 34 36#37 0 38 39 40#41 42 0 43#46 44 45 0 48 47#0 49#@-1.000000@
1 0 2 3 4 5#0 6 9 7 8#12 0 10 11 13 14#16 0 15#17 18 20 0 19#22 23 21 24 25 0 26#29 28 27 31 0 30#34 0 33 32 35 36#37 0 38 39 40#43 41 42 0#46 44 45 0 48 47#0 49#@-1.000000@
2 1 0 3 4 5#7 8 0 6 9#13 11 10 0 12 14#16 0 15#17 18 20 0 19#22 23 21 24 25 0 26#29 28 27 31 0 30#32 33 34 0 35 36#37 0 38 39 40#42 41 43 0#46 44 45 0 48 47#0 49#@-1.000000@
1 0 2 3 4 5#7 8 0 6 9#12 10 11 13 14 0#15 16 0#17 18 20 0 19#22 23 21 24 25 0 26#29 28 27 31 0 30#35 32 33 0 34 36#37 0 38 39 40#43 41 42 0#46 44 48 45 0 47#0 49#@-1.000000@
2 1 0 3 4 5#0 6 9 7 8#0 10 11 13 14 12#15 0 16#17 18 20 0 19#22 23 21 24 25 0 26#29 28 27 31 0 30#35 32 33 0 34 36#37 0 38 39 40#42 41 43 0#46 44 45 0 48 47#0 49#@-1.000000@
1 0 2 3 4 5#0 6 9 7 8#11 10 0 12 14 13#0 15 16#17 18 20 0 19#22 0 23 21 24 25 26#29 28 27 31 0 30#34 0 33 32 35 36#37 0 38 39 40#41 42 0 43#46 44 45 0 48 47#0 49#@-1.000000@
1 0 2 3 4 5#6 0 8 7 9#13 11 10 0 12 14#15 16 0#17 18 20 0 19#22 23 21 24 25 0 26#29 28 27 31 0 30#35 32 33 0 34 36#37 0 38 39 40#41 42 0 43#46 44 48 45 0 47#0 49#@-1.000000@
1 0 2 3 4 5#9 6 0 8 7#0 10 11 13 14 12#15 16 0#17 18 20 0 19#22 0 23 21 24 25 26#29 28 27 31 30 0#34 0 33 32 35 36#37 0 38 39 40#41 42 0 43#46 44 45 0 48 47#0 49#@-1.000000@
1 0 2 3 4 5#7 8 0 6 9#0 10 11 13 14 12#15 0 16#17 18 20 0 19#22 23 21 24 25 0 26#29 28 27 31 0 30#35 32 33 0 34 36#37 0 38 39 40#43 41 42 0#46 44 45 0 48 47#0 49#@-1.000000@
1 0 2 3 4 5#6 0 8 7 9#11 10 0 12 14 13#16 15 0#17 18 20 0 19#22 0 23 21 24 25 26#29 28 27 31 0 30#35 32 33 0 34 36#37 0 38 39 40#43 41 42 0#46 44 45 0 48 47#0 49#@-1.000000@
1 0 2 3 4 5#8 0 6 9 7#11 10 0 12 14 13#16 0 15#17 18 20 0 19#22 23 21 24 25 0 26#29 28 27 31 0 30#35 32 33 0 34 36#37 0 38 39 40#41 42 0 43#46 44 45 0 48 47#0 49#@-1.000000@
3 2 5 1 0 4#9 6 0 8 7#12 0 10 11 13 14#16 0 15#17 18 20 0 19#22 23 21 24 25 0 26#29 28 27 31 0 30#34 0 33 32 35 36#37 0 38 39 40#42 41 43 0#46 44 48 45 0 47#0 49#@-1.000000@
5 1 2 3 4 0#8 0 6 9 7#0 10 11 13 14 12#15 16 0#17 18 20 0 19#22 23 21 24 25 0 26#29 28 27 31 0 30#32 33 34 0 35 36#37 0 38 39 40#42 41 43 0#46 44 45 0 48 47#0 49#@-1.000000@
3 2 5 1 0 4#0 6 9 7 8#0 10 11 13 14 12#16 0 15#17 18 20 0 19#22 23 21 24 25 0 26#29 28 27 31 0 30#34 0 33 32 35 36#37 0 38 39 40#41 42 0 43#46 44 48 45 0 47#0 49#@-1.000000@
1 0 2 3 4 5#8 0 6 9 7#0 10 11 13 14 12#15 16 0#17 18 20 0 19#22 23 21 24 25 0 26#29 28 27 31 0 30#34 0 33 32 35 36#37 0 38 39 40#42 41 43 0#46 44 45 0 48 47#0 49#@-1.000000@
1 0 2 3 4 5#6 0 8 7 9#13 11 10 0 12 14#16 0 15#17 18 20 0 19#22 0 23 21 24 25 26#29 28 27 31 0 30#34 0 33 32 35 36#37 0 38 39 40#42 41 43 0#46 44 45 0 48 47#0 49#@-1.000000@
2 1 0 3 4 5#6 9 7 8 0#11 10 0 12 14 13#16 15 0#17 18 20 0 19#22 23 21 24 25 0 26#29 28 27 31 0 30#34 0 33 32 35 36#37 0 38 39 40#43 41 42 0#46 44 45 0 48 47#0 49#@-1.000000@
2 3 1 0 4 5#6 9 7 8 0#11 10 0 12 14 13#15 0 16#17 18 20 0 19#22 23 21 24 25 0 26#29 28 27 31 0 30#35 32 33 0 34 36#37 0 38 39 40#41 42 0 43#46 44 45 0 48 47#0 49#@-1.000000@
3 2 5 1 0 4#9 6 0 8 7#13 11 10 0 12 14#15 16 0#17 18 20 0 19#22 23 21 24 25 0 26#29 28 27 31 0 30#34 0 33 32 35 36#37 0 38 39 40#41 42 0 43#46 44 45 0 48 47#0 49#@-1.000000@
1 0 2 3 4 5#0 6 9 7 8#0 10 11 13 14 12#16 15 0#17 18 20 0 19#22 0 23 21 24 25 26#29 28 27 31 0 30#32 33 34 0 35 36#37 0 38 39 40#41 42 0 43#46 44 48 45 0 47#0 49#@-1.000000@
1 0 2 3 4 5#0 6 9 7 8#12 0 10 11 13 14#15 16 0#17 18 20 0 19#22 23 21 24 25 0 26#29 28 27 31 0 30#35 32 33 0 34 36#37 0 38 39 40#42 41 43 0#46 44 45 0 48 47#0 49#@-1.000000@
1 0 2 3 4 5#6 9 7 8 0#12 0 10 11 13 14#16 15 0#17 18 20 0 19#22 0 23 21 24 25 26#29 28 27 31 0 30#32 33 34 0 35 36#37 0 38 39 40#41 42 0 43#46 44 45 0 48 47#0 49#@-1.000000@
2 1 0 3 4 5#0 6 9 7 8#11 10 0 12 14 13#0 15 16#17 18 20 0 19#22 0 23 21 24 25 26#29 28 27 31 0 30#32 33 34 0 35 36#37 0 38 39 40#43 41 42 0#46 44 45 0 48 47#0 49#@-1.000000@
2 1 0 3 4 5#7 8 0 6 9#13 11 10 0 12 14#0 15 16#17 18 20 0 19#22 23 21 24 25 0 26#29 28 27 31 0 30#34 0 33 32 35 36#37 0 38 39 40#41 42 0 43#46 44 45 0 48 47#0 49#@-1.000000@
1 0 2 3 4 5#0 6 9 7 8#12 0 10 11 13 14#0 15 16#17 18 20 0 19#22 23 21 24 25 0 26#29 28 27 31 0 30#34 0 33 32 35 36#37 0 38 39 40#41 42 0 43#46 44 45 0 48 47#0 49#@-1.000000@
2 1 0 3 4 5#6 0 8 7 9#0 10 11 13 14 12#15 16 0#17 18 20 0 19#22 23 21 24 25 0 26#29 28 27 31 0 30#34 0 33 32 35 36#37 0 38 39 40#41 42 0 43#46 44 48 45 0 47#0 49#@-1.000000@
2 1 0 3 4 5#0 6 9 7 8#0 10 11 13 14 12#16 15 0#17 18 20 0 19#22 23 21 24 25 0 26#29 28 27 31 0 30#34 0 33 32 35 36#37 0 38 39 40#43 41 42 0#46 44 45 0 48 47#0 49#@-1.000000@
2 1 0 3 4 5#0 6 9 7 8#0 10 11 13 14 12#15 16 0#17 18 20 0 19#22 0 23 21 24 25 26#29 28 27 31 0 30#35 32 33 0 34 36#37 0 38 39 40#43 41 42 0#46 44 45 0 48 47#0 49#@-1.000000@
2 1 0 3 4 5#8 0 6 9 7#13 11 10 0 12 14#15 16 0#17 18 20 0 19#22 0 23 21 24 25 26#29 28 27 31 0 30#35 32 33 0 34 36#37 0 38 39 40#41 42 0 43#46 44 48 45 0 47#0 49#@-1.000000@
3 2 5 1 0 4#7 8 0 6 9#13 11 10 0 12 14#0 15 16#17 18 20 0 19#22 23 21 24 25 0 26#29 28 27 31 0 30#34 0 33 32 35 36#37 0 38 39 40#43 41 42 0#46 44 48 45 0 47#0 49#@-1.000000@
1 0 2 3 4 5#0 6 9 7 8#13 11 10 0 12 14#15 16 0#17 18 20 0 19#22 23 21 24 25 0 26#29 28 27 31 0 30#32 33 34 0 35 36#37 0 38 39 40#43 41 42 0#46 44 45 0 48 47#0 49#@-1.000000@
3 2 5 1 0 4#0 6 9 7 8#10 11 13 14 12 0#15 0 16#17 18 20 0 19#22 23 21 24 25 0 26#29 28 27 31 0 30#32 33 34 0 35 36#37 0 38 39 40#42 41 43 0#46 44 48 45 0 47#0 49#@-1.000000@
2 3 1 0 4 5#6 9 7 8 0#12 10 11 13 14 0#0 15 16#17 18 20 0 19#22 0 23 21 24 25 26#29 28 27 31 0 30#32 33 34 0 35 36#37 0 38 39 40#41 42 0 43#46 44 48 45 0 47#0 49#@-1.000000@
2 1 0 3 4 5#9 6 0 8 7#0 10 11 13 14 12#16 0 15#17 18 20 0 19#22 0 23 21 24 25 26#29 28 27 31 0 30#34 0 33 32 35 36#37 0 38 39 40#41 42 0 43#46 44 45 0 48 47#0 49#@-1.000000@
1 0 2 3 4 5#0 6 9 7 8#13 11 10 0 12 14#16 0 15#17 18 20 0 19#22 0 23 21 24 25 26#29 28 27 31 0 30#35 32 33 0 34 36#37 0 38 39 40#41 42 0 43#46 44 45 0 48 47#0 49#@-1.000000@
1 0 2 3 4 5#8 0 6 9 7#0 10 11 13 14 12#15 0 16#17 18 20 0 19#22 23 21 24 25 0 26#29 28 27 31 0 30#32 33 34 0 35 36#37 0 38 39 40#43 41 42 0#46 44 45 0 48 47#0 49#@-1.000000@
1 0 2 3 4 5#0 6 9 7 8#13 11 10 0 12 14#0 15 16#17 18 20 0 19#22 23 21 24 25 0 26#29 28 27 31 0 30#32 33 34 0 35 36#37 0 38 39 40#42 41 43 0#46 44 48 45 0 47#0 49#@-1.000000@
1 0 2 3 4 5#8 0 6 9 7#0 10 11 13 14 12#15 0 16#17 18 20 0 19#22 23 21 24 25 0 26#29 28 27 31 0 30#34 0 33 32 35 36#37 0 38 39 40#41 42 0 43#46 44 45 0 48 47#0 49#@-1.000000@
3 0 1 2 5 4#9 6 0 8 7#11 10 0 12 14 13#0 15 16#17 18 20 0 19#22 0 23 21 24 25 26#29 28 27 31 0 30#34 0 33 32 35 36#37 0 38 39 40#41 42 0 43#46 44 45 0 48 47#0 49#@-1.000000@
2 1 0 3 4 5#0 6 9 7 8#0 10 11 13 14 12#16 15 0#17 18 20 0 19#22 23 21 24 25 0 26#29 28 27 31 0 30#32 33 34 0 35 36#37 0 38 39 40#41 42 0 43#46 44 45 0 48 47#0 49#@-1.000000@
3 2 5 1 0 4#6 9 7 8 0#11 10 0 12 14 13#15 0 16#17 18 20 0 19#22 0 23 21 24 25 26#29 28 27 31 30 0#32 33 34 0 35 36#37 0 38 39 40#42 41 43 0#46 44 48 45 0 47#0 49#@-1.000000@
2 1 0 3 4 5#8 0 6 9 7#0 10 11 13 14 12#15 0 16#17 18 20 0 19#22 23 21 24 25 0 26#29 28 27 31 0 30#32 33 34 0 35 36#37 0 38 39 40#43 41 42 0#46 44 45 0 48 47#0 49#@-1.000000@
