242940.007997	0.000000
192595.172173	0.006176
151644.371381	0.012906
110802.484818	0.037591
110802.484818	0.856017

242374.917661	0.000000
213602.831712	0.005903
206916.885914	0.009374
158248.194406	0.042086
158248.194406	1.476219

241468.542754	0.000000
212296.812901	0.004608
202097.461628	0.006295
173609.392042	0.010068
163405.034997	0.019390
154604.116541	0.033194
144632.744586	0.134793
144586.024022	0.722324
138636.816037	0.867095
138636.816037	0.937777

251147.340474	0.000000
214480.580277	0.004708
195346.626318	0.007279
183878.194279	0.011226
174525.554285	0.020056
153485.342756	0.034282
144239.021390	0.042784
142900.292589	0.183451
138080.523293	0.208876
125702.605104	0.405062
125702.605104	0.891051

189415.774339	0.000000
161136.558082	0.005331
150044.524480	0.008983
144781.978889	0.031077
135549.363727	0.209206
125037.824457	0.319868
125037.824457	1.177112

252154.004555	0.000000
204077.154137	0.016971
203222.880942	0.036041
166515.277717	0.080765
163895.680932	0.221722
162365.849683	0.556971
155852.267820	0.877873
155852.267820	1.226658

210645.000309	0.000000
148922.813768	0.008780
145612.461845	0.380349
141356.671234	0.660327
138096.453921	0.906014
138096.453921	1.559474

233033.115819	0.000000
201705.795584	0.007866
197706.243657	0.034271
176591.297171	0.071407
159412.612149	0.132790
159393.842872	0.146856
154380.599226	0.475336
150544.482064	0.496013
147260.223889	0.657806
145066.088422	0.789331
138412.050279	0.922702
138412.050279	1.727748

300622.532048	0.000000
280517.143447	0.012560
279411.912039	0.033791
204307.658504	0.052848
199932.091231	0.983912
199932.091231	1.592560

255729.684691	0.000000
204861.186851	0.007091
199716.420378	0.039155
195959.720746	0.068234
194103.026819	0.080155
190284.009240	0.229326
165899.558544	0.415446
160146.111931	0.434467
155632.783838	0.755801
152259.303374	0.798902
152259.303374	1.436757

187046.433687	0.000000
147375.768062	0.005692
136089.285797	0.019270
116781.959083	0.020620
116345.709637	0.168626
112357.696521	0.845494
110784.058576	0.894829
110784.058576	1.379714

229827.816365	0.000000
222286.795962	0.004041
156552.216888	0.005459
154429.331861	0.027668
152365.877888	0.056905
150230.663031	0.095484
144515.006997	0.100761
142300.160846	0.385454
139036.835455	0.670996
139036.835455	1.057996

215417.142484	0.000000
193858.902335	0.004879
173732.556917	0.022822
166388.367432	0.030019
158338.772327	0.207055
148335.836946	0.655197
148335.836946	1.175424

291555.301694	0.000000
224492.237955	0.007028
200832.360055	0.033619
185954.723131	0.039602
167002.795784	0.301202
166999.185589	0.993953
165441.804163	1.357889
165441.804163	1.377166

164008.707429	0.000000
161758.381961	0.059455
155950.354227	0.068367
148264.203752	0.073951
118429.670263	0.147181
118429.670263	1.368249

254828.373995	0.000000
221173.747581	0.003955
193421.948426	0.006347
187088.774726	0.009971
180447.763908	0.012781
159195.593348	0.018880
147032.760194	0.020241
146171.704079	0.103515
143325.147326	0.153640
135074.134228	0.797696
135074.134228	1.048932

306777.917633	0.000000
301423.422284	0.007834
274075.327695	0.009365
264381.829773	0.015777
258698.641684	0.021021
222885.275399	0.033518
216601.309311	0.068511
208550.717360	0.110143
203743.745457	0.245714
200586.233170	0.588153
186232.475919	0.631133
184076.781850	0.809283
169850.969923	0.924063
169850.969923	1.357479

239399.370224	0.000000
188343.588389	0.008201
183101.016385	0.009819
138767.759157	0.012858
137703.141989	0.767828
137703.141989	1.096702

270665.596626	0.000000
264320.055286	0.005404
258483.924368	0.018195
222749.618288	0.023844
221851.394015	0.143823
197088.356010	0.150111
172102.530031	0.869666
172102.530031	1.550245

225080.206854	0.000000
209276.861242	0.007885
206190.220944	0.012171
203652.610092	0.017003
169542.180035	0.027898
168584.606637	0.234713
167359.621755	0.308414
161562.775727	0.426289
161526.305281	0.614594
148412.953270	0.641865
148412.953270	1.162833

245994.455451	0.000000
232551.947692	0.004800
217987.762751	0.009151
207208.740674	0.031984
200160.947274	0.053845
187909.297987	0.157520
164469.813000	0.332098
154745.218561	0.438737
154745.218561	1.413331

283060.537840	0.000000
266920.585688	0.005383
226235.588521	0.007435
220238.404212	0.021122
202236.582555	0.096149
197538.520814	0.176684
174527.888494	0.195226
171102.539962	0.307262
168546.637084	0.517515
168546.637084	1.424475

350777.285297	0.000000
298394.760421	0.006676
220182.571333	0.010718
207016.968970	0.050257
168125.422871	0.555099
168125.422871	1.422069

212918.270316	0.000000
172066.486988	0.062897
171605.742797	0.515106
165704.433210	0.610951
165177.868161	1.010207
165177.868161	1.193309

248595.924053	0.000000
212889.093362	0.003326
205772.084753	0.005108
199449.384003	0.142457
198469.486148	0.624820
198306.496827	1.133890
193135.320835	1.260320
165695.923341	1.382357
165695.923341	1.453881

228156.457005	0.000000
193850.962989	0.004483
191450.412090	0.006247
188978.653853	0.018659
177508.564136	0.020747
170195.656770	0.025496
159344.455178	0.044042
142359.630551	0.118536
137234.606637	0.300095
126817.433142	0.906360
126817.433142	1.207978

204961.650763	0.000000
130733.573351	0.008261
123791.313665	0.152753
123008.425954	0.468992
123008.425954	0.912015

209156.566811	0.000000
162155.709324	0.071139
162155.709324	1.287099

312619.901845	0.000000
263096.289655	0.006487
233751.506395	0.011268
208948.878965	0.015845
207522.088843	0.021618
157597.495258	0.036764
153393.265483	0.951680
153393.265483	1.284071

253957.661047	0.000000
214614.254927	0.005836
210536.395056	0.022871
165993.764522	0.040892
165451.573018	0.132210
162553.633611	0.136660
162505.804111	0.755487
162505.804111	1.285140

211691.670415	0.000000
205621.198270	0.007613
201079.707785	0.009831
195171.819398	0.018674
193600.156536	0.026804
183439.931234	0.060907
175728.659592	0.066003
150034.003517	0.078309
147659.106043	0.415406
147659.106043	1.380585

311884.489880	0.000000
278225.032927	0.024213
266531.618469	0.083478
264912.018836	0.099818
232918.155342	0.108125
232500.815246	0.126436
231087.026908	0.129886
231087.026908	1.280786
231087.026908	1.578062

232416.038278	0.000000
186810.433829	0.004137
163409.212661	0.085771
162768.929031	0.102794
160375.576069	0.163198
158356.751906	0.187265
158356.751906	1.349942

261853.884259	0.000000
186664.247416	0.004217
174093.782375	0.006554
156269.487412	0.022614
139320.498622	0.334580
139320.498622	1.520538

329891.205261	0.000000
234327.936757	0.008235
211276.600238	0.041276
208422.411844	0.047724
203170.719457	0.142700
195147.750194	0.216360
186818.278711	0.330089
172110.814059	0.364327
171658.917981	0.418134
164613.295739	0.526040
164613.295739	1.269058

192882.655884	0.000000
173574.249934	0.016461
172842.602853	0.018043
136747.371910	0.072631
132376.608284	0.662884
132376.608284	1.157269

270457.844216	0.000000
235341.504758	0.009757
229042.312475	0.015065
194345.162171	0.023360
178283.685714	0.044669
167544.364519	0.189645
167387.841750	0.596220
157797.840579	0.626820
146440.336700	0.925361
137576.955855	1.249836
137576.955855	1.519257

222266.322424	0.000000
207411.921541	0.005485
185057.057016	0.010055
170254.249715	0.011038
167633.906629	0.017226
167172.973338	0.177604
163629.650155	0.227556
162512.707910	0.417425
157354.156868	0.511823
157354.156868	0.922532

214700.595907	0.000000
214173.255409	0.007924
206777.882265	0.021471
169267.952587	0.031920
166642.586760	0.184890
166536.505940	0.218503
159824.503249	0.361511
156901.157466	1.158875
156901.157466	1.323200

284272.512147	0.000000
213649.210498	0.007950
213616.382013	0.015905
206993.252493	0.034266
194442.368309	0.043087
189870.866368	0.254012
163990.069330	0.325937
163990.069330	0.891504
163990.069330	1.350445

349221.994023	0.000000
245517.112245	0.005597
207091.813428	0.024183
204460.837773	0.049975
202180.768576	0.131843
199213.376806	0.219760
164427.155646	0.778478
164427.155646	1.549574

296985.198526	0.000000
248505.696762	0.005171
218845.931615	0.011435
208426.232098	0.022201
185031.613568	0.042033
168417.349678	0.389611
152578.921543	0.391098
152578.921543	1.177907

204279.291720	0.000000
184940.704298	0.050806
127406.010740	0.052144
127406.010740	1.211573

337334.706948	0.000000
282583.949845	0.013192
249675.877599	0.036481
249320.682305	0.196372
246279.559172	0.360933
234474.749824	0.502471
210857.292000	0.523860
198434.299272	0.598893
198434.299272	1.684664

220846.124199	0.000000
189269.501126	0.005303
150570.801393	0.021027
147873.738970	0.707147
147873.738970	1.418741

324120.130685	0.000000
284627.388973	0.008694
278140.040882	0.014736
276074.361298	0.027464
255886.766335	0.039012
252473.193692	0.072706
217461.274644	0.077938
216853.232037	0.676155
194702.740350	1.331486
194702.740350	1.618709

275109.921175	0.000000
234228.013433	0.005475
224792.559262	0.010265
218566.495370	0.011681
211273.009959	0.013441
207120.402637	0.017326
199964.536616	0.150066
195806.393607	0.240150
167370.919207	0.263121
147456.462390	0.343091
147456.462390	1.502754

198641.147302	0.000000
194594.636191	0.010317
149248.587951	0.017855
148694.207656	0.087089
143210.450735	0.121511
141411.944270	0.922941
136231.584231	0.934042
136231.584231	1.137633

274688.479604	0.000000
171050.912342	0.003567
171050.912342	1.397470

241784.196362	0.000000
193144.078141	0.004221
170041.858333	0.016469
156588.612787	0.026745
153180.795598	0.096331
150190.866440	0.409053
149244.963217	0.984450
149244.963217	1.108947

298708.710381	0.000000
270453.046320	0.003372
261665.684667	0.007263
257521.516335	0.017012
256677.002819	0.036143
225580.196736	0.078140
222965.303972	0.089143
219817.421634	0.255487
177144.663774	0.480179
175862.645688	0.677077
175862.645688	1.017088

243496.696767	0.000000
243326.051977	0.004560
190981.411721	0.005932
186755.906545	0.031332
149004.945699	0.045849
141305.992697	0.116480
139117.948668	0.559706
130233.054799	0.707031
130233.054799	0.916143

198914.113118	0.000000
196181.335234	0.003618
195404.881376	0.010543
188891.577650	0.013349
184411.963766	0.055874
159344.533486	0.058389
157691.966399	0.083009
154395.056766	0.146379
152613.623557	0.237548
151444.047982	0.579564
129172.224059	0.727376
129172.224059	1.086746

253128.169908	0.000000
198117.301903	0.003550
190432.317033	0.042675
170940.862717	0.059430
158237.616952	0.093475
149322.232945	0.243864
149322.232945	1.142992

316266.999800	0.000000
227479.501008	0.006429
200480.023348	0.009501
195705.607882	0.042021
194246.885725	0.045899
151502.921647	0.113253
151502.921647	1.462895

211354.698371	0.000000
199755.636890	0.027681
177461.618015	0.036305
170188.500136	0.163261
169831.932249	0.285319
167431.728381	0.325721
166081.979036	0.403956
156049.246869	0.585567
156049.246869	1.114416

338206.307135	0.000000
271161.778106	0.005579
232812.818916	0.008552
219292.715524	0.021863
210806.412809	0.036315
199762.159529	0.113904
197717.595268	0.653912
168030.233833	1.149976
168030.233833	1.414635

241767.611618	0.000000
190462.440669	0.006475
169101.216427	0.019950
162029.470681	0.115037
152159.533379	0.116447
141627.919490	0.630696
141627.919490	1.344018

213385.329029	0.000000
199490.881361	0.013931
160051.816292	0.023392
154638.328135	0.031812
154638.328135	1.466259

267345.979905	0.000000
224699.665945	0.002918
193222.848649	0.011547
178200.810384	0.028393
158932.433738	0.063429
157776.568248	0.075853
154481.797156	0.433434
154481.797156	1.124191

242543.477949	0.000000
198685.557348	0.008491
194242.052149	0.009978
175858.833064	0.015441
158746.692626	0.224495
158382.716825	0.949488
152597.451306	1.081729
152597.451306	1.153336

217515.328587	0.000000
202730.228421	0.002452
155163.986959	0.003137
153784.629924	0.004734
144160.656452	0.016604
110493.037640	0.094436
109969.665538	0.165148
109969.665538	0.601746

252560.804803	0.000000
247238.577684	0.004500
245909.959702	0.008105
216267.639943	0.026029
215689.394850	0.082202
210958.272977	0.136878
208156.354036	0.162530
204929.649292	0.178200
196192.229497	0.267621
195398.250589	0.297150
170409.103234	0.501161
170409.103234	1.483608

267288.812013	0.000000
248367.436442	0.053540
227380.614176	0.147250
220639.999323	0.168432
220639.999323	1.303185

245288.051279	0.000000
241330.109713	0.003265
239128.147484	0.021671
194079.711393	0.027769
192725.317078	0.076707
164283.889715	0.080040
163958.118497	0.761588
151049.420802	1.099115
151049.420802	1.209487

263188.143093	0.000000
195502.393581	0.005359
193189.464331	0.035925
168764.455360	0.077931
165750.584491	0.221550
163142.863848	0.742533
163142.863848	1.000789

293483.335958	0.000000
247531.002469	0.007188
238518.581823	0.010087
213399.297629	0.013502
207800.962297	0.024492
196658.873117	0.030461
176488.086721	0.032014
171456.319709	0.356282
171456.319709	0.559323
143775.251413	1.135286
143775.251413	1.486188

261956.199121	0.000000
218566.023042	0.008089
216295.115583	0.012380
196376.901813	0.014060
195653.433644	0.026789
177439.182843	0.086471
162029.968224	0.186190
158225.728810	0.601838
142867.032597	0.718866
142867.032597	1.484589

238271.332212	0.000000
201328.723669	0.011563
201320.888387	0.090078
195420.346963	0.103409
165330.401524	0.214383
161610.870449	1.023589
157223.750006	1.196827
157223.750006	1.412052

249047.265680	0.000000
239845.568751	0.004982
220111.957328	0.007243
213465.654084	0.027861
210838.685226	0.033700
200796.722727	0.147691
181274.025754	0.202233
166616.117674	0.261994
162224.510642	0.605885
162224.510642	1.405006

273934.100328	0.000000
230639.239474	0.003413
227699.621864	0.005694
150731.786507	0.007144
140704.142903	0.018383
140301.609554	0.261377
138526.203182	0.535517
128765.830748	0.612936
128765.830748	1.074015

285319.009517	0.000000
179325.652605	0.006493
178355.126671	0.012194
145070.592833	0.017673
136854.624380	0.089955
132509.883891	0.232595
131115.745093	0.288297
129576.486553	0.953987
125028.614923	0.973436
125028.614923	1.348018

231062.062098	0.000000
204502.586684	0.003741
188888.177619	0.005972
187572.583557	0.109244
160915.746530	0.116384
156490.150181	0.221447
153135.709195	0.282408
150925.103613	0.426769
148454.374285	1.000274
148454.374285	1.342645

158615.957338	0.000000
154498.589308	0.006790
152446.373918	0.064581
140383.112743	0.073894
110716.478231	0.177974
110716.478231	0.730955

213756.513571	0.000000
147936.669904	0.004874
142637.172782	0.249113
134483.433083	0.829968
134483.433083	1.423530

247253.312133	0.000000
219836.713796	0.022525
216614.306390	0.055941
214519.056916	0.114062
203767.902637	0.126557
195491.928173	0.274598
188248.649048	0.309307
161257.834691	0.460762
161257.834691	1.473871

331466.417292	0.000000
225828.185009	0.004637
220086.828165	0.066171
216181.740245	1.013080
216181.740245	1.223265

365459.058946	0.000000
318275.373115	0.005794
281093.680635	0.007731
221528.715143	0.009387
217983.437638	0.024516
217854.078728	0.064762
204581.707538	0.128562
170854.815380	0.558971
170854.815380	1.481352

195290.777503	0.000000
188485.709413	0.005560
168184.156605	0.015193
156538.751125	0.095602
155584.983647	0.199392
151285.443040	0.272465
149698.598251	0.324505
148667.677953	0.474246
148069.233734	0.736607
148069.233734	0.913970

280731.324695	0.000000
227750.364542	0.004699
196124.072037	0.006922
182102.447530	0.015076
180206.819132	0.047904
174144.085252	0.134258
172432.491913	0.237650
155664.422442	0.398081
142552.703228	0.596182
142552.703228	1.358437

334231.760443	0.000000
208348.198523	0.003588
203389.430698	0.169232
202921.823732	0.234375
173087.864093	0.259233
171925.431184	0.967553
171925.431184	1.261113

199048.856766	0.000000
179536.970158	0.011714
173046.765619	0.078374
171969.284069	0.116379
160576.712814	0.237089
157731.450164	0.989440
157129.906418	1.076579
157129.906418	1.400966

252301.361242	0.000000
247068.853392	0.029316
231935.557477	0.096211
206530.594511	0.100565
168819.747770	0.173301
168819.747770	1.488129

178931.872496	0.000000
157779.345620	0.003735
142975.331804	0.034388
135093.032212	0.040897
119977.735159	0.639768
119977.735159	1.057745

253303.851740	0.000000
249316.606651	0.004859
237010.746989	0.011089
213090.319092	0.039706
166793.913241	0.078003
166793.913241	1.460352

290308.986024	0.000000
191978.128972	0.002874
188394.025205	0.030553
170688.766057	0.051954
169214.887460	0.371795
165708.082733	0.605388
165108.848616	0.966492
165108.848616	0.992583

243296.052918	0.000000
230101.144317	0.007633
224694.999227	0.009827
193188.638594	0.020559
186965.473842	0.061076
186901.053519	0.112019
169571.888396	0.118426
160981.056614	0.127492
149066.799276	0.230835
149066.799276	1.339555

233378.455155	0.000000
230406.687766	0.005727
210942.795623	0.008645
185738.579734	0.010369
184233.308626	0.024876
181520.379821	0.073521
165830.916152	0.078336
155590.008158	0.093148
154423.455427	0.118684
153178.371702	0.284369
146748.267794	0.317407
146748.267794	0.927117

199393.511091	0.000000
167439.562129	0.027522
163326.402907	0.164239
162476.279446	0.306563
161462.605757	0.532365
160204.358374	0.553890
158581.644174	0.624652
153930.114688	0.877789
153930.114688	1.316844

256682.606307	0.000000
199096.503228	0.004041
193663.477300	0.072608
159510.636745	0.203077
154147.566794	0.211723
148672.685415	0.664568
148672.685415	1.393804

273436.529330	0.000000
201904.335282	0.002860
195575.468511	0.021643
181163.466128	0.032056
181051.984727	0.050543
155656.871541	0.055135
136506.693827	0.067696
130406.937522	0.377221
130406.937522	0.925580

254498.880957	0.000000
223541.385053	0.015599
195748.376224	0.049903
194982.407500	0.137053
194583.335099	0.159768
172338.042973	0.454906
157681.855434	0.498011
152414.232478	1.365691
152414.232478	1.407480

232107.917429	0.000000
218433.888880	0.005168
212157.738245	0.006719
200991.408207	0.008829
167983.263633	0.012332
155224.810426	0.198241
155224.810426	1.127722

188579.547882	0.000000
145630.147677	0.012418
143725.205283	1.008744
143725.205283	1.089645

183317.804531	0.000000
174696.181688	0.008554
152964.202607	0.010291
149118.207229	0.017410
146059.834100	0.038723
108980.910255	0.196484
107984.932930	0.322097
107984.932930	1.145018

282127.848997	0.000000
263336.192467	0.004935
215516.232015	0.015250
211865.702598	0.026901
175701.329344	0.045515
165895.092588	0.392943
146928.394672	1.032889
146928.394672	1.468886

221171.411158	0.000000
197649.641641	0.005779
182863.246487	0.015609
180971.048946	0.024861
179624.738707	0.067902
140034.237372	0.077141
136407.309678	0.647231
136407.309678	0.795112

284194.278088	0.000000
224342.522840	0.003727
223038.351951	0.016469
221574.219439	0.020635
220259.099269	0.115221
200217.673852	0.244768
165683.280686	0.375861
150417.649664	0.634450
150417.649664	1.189201

314438.812177	0.000000
254777.284456	0.004335
200010.050768	0.008812
186301.663487	0.031979
169070.433271	0.051571
160268.423422	0.056041
159992.837974	0.267600
155339.067784	0.889288
155339.067784	0.992004

233012.611491	0.000000
219555.505736	0.004751
206666.235578	0.011178
187046.484977	0.021163
184375.428034	0.026308
184074.941806	0.034728
152017.037245	0.040045
150028.037366	0.158920
146236.233971	0.244214
137059.330646	0.399713
137059.330646	1.442687
